
Switching channel to 1 with bandwith [None/above/bellow]=1
<CSI><address>8C:0C:90:01:1E:C8</address><len>384</len>100 125 -4 63 -128 1 46 -22 89 -37 -5 63 88 -37 -5 63 0 -3 88 -36 0 0 0 0 -48 114 -5 63 89 -37 -5 63 88 -37 -5 63 39 26 87 -45 88 123 -104 -36 25 68 -88 -79 -8 -32 -112 66 47 55 -111 -14 -116 -35 -24 36 -48 -12 119 0 -114 -10 99 50 89 -37 -5 63 88 -37 -5 63 52 56 52 48 44 32 49 52 50 50 56 48 57 49 52 53 44 32 50 50 56 56 49 53 51 53 52 44 32 49 52 56 55 55 56 55 51 53 52 44 32 49 52 52 48 54 49 55 48 49 56 93 125 0 0 0 48 0 0 0 89 -37 -5 63 88 -37 -5 63 -7 -21 79 -72 0 -128 -96 111 14 -32 0 0 -60 0 114 0 8 -59 -31 -67 -27 -84 0 0 -112 1 -112 120 81 -37 -5 63 80 -37 -5 63 92 -39 -5 63 89 -37 -5 63 88 -37 -5 63 1 0 0 0 0 0 0 0 -1 -1 63 -77 0 0 0 0 -1 -1 63 -77 0 0 0 0 -1 -1 63 -77 0 0 0 0 -1 -1 63 -77 0 0 0 0 1 0 0 0 1 0 0 0 1 0 0 0 -88 23 13 64 -72 -66 0 64 -88 27 8 64 -116 27 8 64 -124 27 8 64 -108 23 13 64 -44 21 13 64 -40 27 8 64 -60 27 8 64 -36 22 13 64 100 23 13 64 76 -43 8 64 -100 26 8 64 -72 -66 0 64 44 27 8 64 48 22 13 64 32 22 13 64 24 27 8 64 -80 81 8 64 -81 -66 -83 -34 2 0 0 0 -48 23 13 64 36 -8 8 64 60 -8 8 64 -88 23 13 64 -72 -66 0 64 -88 27 8 64 -116 27 8 64 -124 27 8 64 -108 23 13 64 -44 21 13 64 -36 22 13 64 100 23 13 64 -120 23 13 64 124 23 13 64 

Switching channel to 1 with bandwith [None/above/bellow]=1
Switching channel to 1 with bandwith [None/above/bellow]=1
Switching channel to 1 with bandwith [None/above/bellow]=1
Switching channel to 1 with bandwith [None/above/bellow]=1
<CSI><address>8C:0C:90:01:1E:C8</address><len>384</len>12 108 -4 63 -128 1 -122 -47 89 -37 -5 63 88 -37 -5 63 0 9 -115 0 0 0 0 0 -48 114 -5 63 89 -37 -5 63 88 -37 -5 63 44 32 49 49 56 57 50 57 54 56 53 53 44 32 49 49 53 54 54 49 50 55 51 44 32 49 51 52 53 54 51 52 53 51 55 44 32 54 52 50 50 54 54 57 56 54 44 32 49 48 55 54 49 56 50 55 54 52 44 32 49 50 50 50 54 51 49 52 57 44 32 49 49 52 50 53 50 54 49 57 51 93 125 0 62 60 119 63 89 -37 -5 63 88 -37 -5 63 80 -37 -5 63 8 -18 -4 63 89 -37 -5 63 88 -37 -5 63 1 0 0 0 0 0 0 0 -1 -1 63 -77 0 0 0 0 -1 -1 63 -77 0 0 0 0 -1 -1 63 -77 0 0 0 0 -1 -1 63 -77 0 0 0 0 1 0 0 0 1 0 0 0 1 0 0 0 -88 23 13 64 -72 -66 0 64 -88 27 8 64 -116 27 8 64 -124 27 8 64 -108 23 13 64 -44 21 13 64 -40 27 8 64 -60 27 8 64 -36 22 13 64 100 23 13 64 76 -43 8 64 -100 26 8 64 -72 -66 0 64 44 27 8 64 48 22 13 64 32 22 13 64 24 27 8 64 -80 81 8 64 -81 -66 -83 -34 2 0 0 0 -48 23 13 64 36 -8 8 64 60 -8 8 64 -88 23 13 64 -72 -66 0 64 -88 27 8 64 -116 27 8 64 -124 27 8 64 -108 23 13 64 -44 21 13 64 -36 22 13 64 100 23 13 64 -120 23 13 64 124 23 13 64 -56 21 13 64 112 27 8 64 100 27 8 64 -72 21 13 64 -28 -45 8 64 56 23 13 64 76 27 8 64 32 23 13 64 8 23 13 64 -80 22 13 64 -76 -45 8 64 

Switching channel to 1 with bandwith [None/above/bellow]=1
<CSI><address>8C:0C:90:01:1E:C8</address><len>384</len>-72 116 -4 63 -128 1 -115 0 -20 -38 -5 63 16 1 1 0 0 -37 -5 63 0 0 0 0 -48 114 -5 63 89 -37 -5 63 88 -37 -5 63 44 32 49 49 53 54 54 49 50 55 51 44 32 49 51 52 53 54 51 52 53 51 55 44 32 54 52 50 50 54 54 57 56 54 44 32 49 48 55 54 49 56 50 55 54 52 44 32 49 50 50 50 54 51 49 52 57 44 32 49 49 52 50 53 50 54 49 57 51 93 125 0 62 60 119 63 89 -37 -5 63 88 -37 -5 63 80 -37 -5 63 8 -18 -4 63 89 -37 -5 63 88 -37 -5 63 1 0 0 0 0 0 0 0 -1 -1 63 -77 0 0 0 0 -1 -1 63 -77 0 0 0 0 -1 -1 63 -77 0 0 0 0 -1 -1 63 -77 0 0 0 0 1 0 0 0 1 0 0 0 1 0 0 0 -88 23 13 64 -72 -66 0 64 -88 27 8 64 -116 27 8 64 -124 27 8 64 -108 23 13 64 -44 21 13 64 -40 27 8 64 -60 27 8 64 -36 22 13 64 100 23 13 64 76 -43 8 64 -100 26 8 64 -72 -66 0 64 44 27 8 64 48 22 13 64 32 22 13 64 24 27 8 64 -80 81 8 64 -81 -66 -83 -34 2 0 0 0 -48 23 13 64 36 -8 8 64 60 -8 8 64 -88 23 13 64 -72 -66 0 64 -88 27 8 64 -116 27 8 64 -124 27 8 64 -108 23 13 64 -44 21 13 64 -36 22 13 64 100 23 13 64 -120 23 13 64 124 23 13 64 -56 21 13 64 112 27 8 64 100 27 8 64 -72 21 13 64 -28 -45 8 64 56 23 13 64 76 27 8 64 32 23 13 64 8 23 13 64 -80 22 13 64 -76 -45 8 64 92 -42 8 64 -92 -40 8 64 -12 -41 8 64 

<CSI><address>8C:0C:90:01:1E:C8</address><len>384</len>-68 -114 -4 63 -128 1 -1 -1 89 -37 -5 63 88 -37 -5 63 0 -37 -5 63 0 0 0 0 -48 114 -5 63 89 -37 -5 63 88 -37 -5 63 -1 -37 -5 63 89 -37 -5 63 88 -37 -5 63 -112 1 30 -56 0 12 41 -85 -74 -12 64 78 0 0 -86 -86 3 0 0 0 8 0 69 0 0 86 72 -78 0 0 122 6 50 -54 -40 58 -41 -22 10 -96 10 97 1 -69 -46 36 87 60 -25 -89 124 44 -51 86 -128 24 1 27 -72 -85 0 0 1 1 8 10 82 127 -16 -121 0 19 -71 -116 23 3 3 0 29 0 0 0 0 0 0 0 2 4 -23 90 -128 12 94 -64 -121 -122 -84 32 18 -8 28 116 43 123 -76 -34 90 28 8 18 -35 24 89 -37 -5 63 88 -37 -5 63 0 0 0 0 -90 0 1 74 -112 53 -72 2 -12 -45 95 -64 0 -128 -128 111 14 -32 0 0 -60 0 114 0 8 -59 -31 -67 -27 -84 0 0 -112 1 50 50 89 -37 -5 63 88 -37 -5 63 0 0 0 0 -90 0 1 74 -86 54 -72 2 -11 -37 111 -72 0 -128 -48 111 14 -32 0 0 -60 0 114 0 8 -59 -31 -67 -27 -84 0 0 0 0 -5 63 1 0 0 0 0 0 0 0 -1 -1 63 -77 0 0 0 0 -1 -1 63 -77 0 0 0 0 -1 -1 63 -77 0 0 0 0 -1 -1 63 -77 0 0 0 0 1 0 0 0 1 0 0 0 1 0 0 0 -88 23 13 64 -72 -66 0 64 -88 27 8 64 -116 27 8 64 -124 27 8 64 -108 23 13 64 -44 21 13 64 -40 27 8 64 -60 27 8 64 -36 22 13 64 100 23 13 64 76 -43 8 64 -100 26 8 64 -72 -66 0 64 44 27 8 64 48 22 13 64 32 22 13 64 24 27 8 64 -80 81 8 64 

<CSI><address>8C:0C:90:01:1E:C8</address><len>384</len>-64 -88 -4 63 -128 1 30 -56 -7 -1 -3 63 -8 -1 -3 63 0 0 -86 -86 0 0 0 0 -48 114 -5 63 -7 -1 -3 63 -8 -1 -3 63 122 119 10 -96 8 1 10 -96 10 97 0 53 119 117 0 -114 66 -62 27 -72 -127 -128 0 1 0 5 0 0 0 0 3 119 119 119 10 103 111 111 103 108 101 97 112 105 115 3 99 111 109 0 0 1 0 1 -64 12 0 5 0 1 0 0 0 60 0 22 10 103 111 111 103 108 101 97 112 105 115 1 108 6 103 111 111 103 108 101 -64 27 -64 48 0 1 0 1 0 0 0 13 0 4 -40 58 -41 -22 -64 48 0 1 0 1 0 0 0 13 0 4 -84 -39 -88 74 -64 48 0 1 0 1 0 0 0 13 0 4 -84 -39 -88 42 -64 48 0 1 0 1 0 0 0 13 0 4 -84 -39 -88 10 -58 77 -31 -43 -43 -17 -4 63 120 -10 -4 63 4 -52 0 31 -90 1 1 2 101 13 -72 2 -12 -45 63 -72 0 -128 -127 121 -56 -128 12 0 -120 10 48 0 8 -59 -31 -67 -27 -84 -116 12 -112 1 30 -56 0 12 41 -85 -74 -12 -112 77 0 0 -86 -86 3 0 0 0 8 0 69 0 0 -94 -104 50 64 0 64 17 122 119 10 -96 8 1 10 -96 10 97 0 53 119 117 0 -114 66 -62 27 -72 -127 -128 0 1 0 5 0 0 0 0 3 119 119 119 10 103 111 111 103 108 101 97 112 105 115 3 99 111 109 0 0 1 0 1 -64 12 0 5 0 1 0 0 0 60 0 22 10 103 111 111 103 108 101 97 112 105 115 1 108 6 103 111 111 103 108 101 -64 27 -64 48 0 1 0 1 0 0 0 13 0 4 -40 58 -41 -22 -64 48 0 1 0 1 0 0 0 13 0 4 

<CSI><address>8C:0C:90:01:1E:C8</address><len>384</len>108 -79 -4 63 -128 1 0 0 -7 -1 -3 63 -8 -1 -3 63 0 48 0 1 0 0 0 0 -48 114 -5 63 -7 -1 -3 63 -8 -1 -3 63 0 1 0 0 0 13 0 4 -84 -39 -88 42 -64 48 0 1 0 1 0 0 0 13 0 4 -84 -39 -88 10 -58 77 -31 -43 -43 -17 -4 63 120 -10 -4 63 4 -52 0 31 -90 1 1 2 101 13 -72 2 -12 -45 63 -72 0 -128 -127 121 -56 -128 12 0 -120 10 48 0 8 -59 -31 -67 -27 -84 -116 12 -112 1 30 -56 0 12 41 -85 -74 -12 -112 77 0 0 -86 -86 3 0 0 0 8 0 69 0 0 -94 -104 50 64 0 64 17 122 119 10 -96 8 1 10 -96 10 97 0 53 119 117 0 -114 66 -62 27 -72 -127 -128 0 1 0 5 0 0 0 0 3 119 119 119 10 103 111 111 103 108 101 97 112 105 115 3 99 111 109 0 0 1 0 1 -64 12 0 5 0 1 0 0 0 60 0 22 10 103 111 111 103 108 101 97 112 105 115 1 108 6 103 111 111 103 108 101 -64 27 -64 48 0 1 0 1 0 0 0 13 0 4 -40 58 -41 -22 -64 48 0 1 0 1 0 0 0 13 0 4 -84 -39 -88 74 -64 48 0 1 0 1 0 0 0 13 0 4 -84 -39 -88 42 -64 48 0 1 0 1 0 0 0 13 0 4 -84 -39 -88 10 -58 77 -31 -43 -79 -16 -4 63 120 -10 -4 63 0 0 0 0 -90 0 1 -96 -16 106 -72 2 116 -3 17 14 0 0 112 111 -68 -64 11 0 -128 0 0 0 -1 -1 -1 -1 -1 -1 -116 12 -112 1 30 -56 -116 12 -112 1 30 -56 112 -50 -128 -47 -93 74 0 0 0 0 100 0 33 20 0 3 69 73 80 1 4 -126 -124 -117 -106 3 1 1 5 5 

<CSI><address>8C:0C:90:01:1E:C8</address><len>384</len>108 -79 -4 63 -128 1 64 17 -7 -1 -3 63 -8 -1 -3 63 0 97 0 53 0 0 0 0 -48 114 -5 63 -7 -1 -3 63 -8 -1 -3 63 0 0 3 119 119 119 10 103 111 111 103 108 101 97 112 105 115 3 99 111 109 0 0 1 0 1 -64 12 0 5 0 1 0 0 0 60 0 22 10 103 111 111 103 108 101 97 112 105 115 1 108 6 103 111 111 103 108 101 -64 27 -64 48 0 1 0 1 0 0 0 13 0 4 -40 58 -41 -22 -64 48 0 1 0 1 0 0 0 13 0 4 -84 -39 -88 74 -64 48 0 1 0 1 0 0 0 13 0 4 -84 -39 -88 42 -64 48 0 1 0 1 0 0 0 13 0 4 -84 -39 -88 10 -58 77 -31 -43 -79 -16 -4 63 120 -10 -4 63 0 0 0 0 -90 0 1 -96 -16 106 -72 2 116 -3 17 14 0 0 112 111 -68 -64 11 0 -128 0 0 0 -1 -1 -1 -1 -1 -1 -116 12 -112 1 30 -56 -116 12 -112 1 30 -56 112 -50 -128 -47 -93 74 0 0 0 0 100 0 33 20 0 3 69 73 80 1 4 -126 -124 -117 -106 3 1 1 5 5 0 1 1 0 64 7 6 67 72 32 1 13 20 42 1 0 50 8 12 18 24 36 48 72 96 108 -35 24 0 80 -14 2 1 1 -117 0 3 -92 0 0 39 -92 0 0 66 67 94 0 98 50 47 0 54 3 96 -108 0 70 5 2 0 0 0 0 45 26 -116 1 27 -1 -1 0 0 0 0 0 0 0 0 0 0 16 0 0 0 0 0 0 0 0 0 0 61 22 1 0 0 0 0 0 0 0 0 0 0 0 0 0 0 0 0 0 0 0 0 0 127 4 0 0 0 0 -35 8 0 19 -110 1 0 1 -123 0 0 0 0 0 

<CSI><address>8C:0C:90:01:1E:C8</address><len>384</len>24 -70 -4 63 -128 1 -88 42 -7 -1 -3 63 -8 -1 -3 63 0 13 0 4 0 0 0 0 -48 114 -5 63 -7 -1 -3 63 -8 -1 -3 63 0 0 0 0 -90 0 1 -96 -16 106 -72 2 116 -3 17 14 0 0 112 111 -68 -64 11 0 -128 0 0 0 -1 -1 -1 -1 -1 -1 -116 12 -112 1 30 -56 -116 12 -112 1 30 -56 112 -50 -128 -47 -93 74 0 0 0 0 100 0 33 20 0 3 69 73 80 1 4 -126 -124 -117 -106 3 1 1 5 5 0 1 1 0 64 7 6 67 72 32 1 13 20 42 1 0 50 8 12 18 24 36 48 72 96 108 -35 24 0 80 -14 2 1 1 -117 0 3 -92 0 0 39 -92 0 0 66 67 94 0 98 50 47 0 54 3 96 -108 0 70 5 2 0 0 0 0 45 26 -116 1 27 -1 -1 0 0 0 0 0 0 0 0 0 0 16 0 0 0 0 0 0 0 0 0 0 61 22 1 0 0 0 0 0 0 0 0 0 0 0 0 0 0 0 0 0 0 0 0 0 127 4 0 0 0 0 -35 8 0 19 -110 1 0 1 -123 0 0 0 0 0 -31 -16 -4 63 120 -10 -4 63 0 0 0 0 -90 0 1 78 60 -119 -72 2 -11 -37 79 -72 0 -128 -80 111 14 -32 0 0 -60 0 -118 0 8 -59 -31 -67 -27 -84 0 0 21 0 121 62 17 -15 -4 63 120 -10 -4 63 0 0 0 0 -90 0 1 10 -56 -118 -72 2 -11 -41 95 -76 0 -128 -112 111 14 -32 0 0 -60 0 -118 0 8 -59 -31 -67 -27 -84 0 0 22 1 -94 0 81 -15 -4 63 120 -10 -4 63 0 0 0 0 -90 0 1 76 86 -117 -72 2 -12 -49 95 -68 0 -128 0 112 32 0 2 0 -108 0 0 0 8 -59 -31 -67 

Switching channel to 1 with bandwith [None/above/bellow]=1
Switching channel to 1 with bandwith [None/above/bellow]=1
Switching channel to 1 with bandwith [None/above/bellow]=1
Switching channel to 1 with bandwith [None/above/bellow]=1
<CSI><address>8C:0C:90:01:1E:C8</address><len>384</len>-116 -69 -5 63 -128 1 0 0 89 -37 -5 63 88 -37 -5 63 0 -37 -5 63 0 0 0 0 -48 114 -5 63 89 -37 -5 63 88 -37 -5 63 0 17 -108 0 18 0 4 0 14 0 115 58 101 -112 59 108 -41 24 101 -112 59 108 -41 0 -27 -9 -47 -56 89 -37 -5 63 88 -37 -5 63 0 0 0 0 0 0 0 0 1 0 0 0 0 0 0 0 -1 -1 63 -77 0 0 0 0 -1 -1 63 -77 0 0 0 0 -1 -1 63 -77 0 0 0 0 -1 -1 63 -77 0 0 0 0 1 0 0 0 1 0 0 0 1 0 0 0 -88 23 13 64 -72 -66 0 64 -88 27 8 64 -116 27 8 64 -124 27 8 64 -108 23 13 64 -44 21 13 64 -40 27 8 64 -60 27 8 64 -36 22 13 64 100 23 13 64 76 -43 8 64 -100 26 8 64 -72 -66 0 64 44 27 8 64 48 22 13 64 32 22 13 64 24 27 8 64 -80 81 8 64 -81 -66 -83 -34 2 0 0 0 -48 23 13 64 36 -8 8 64 60 -8 8 64 -88 23 13 64 -72 -66 0 64 -88 27 8 64 -116 27 8 64 -124 27 8 64 -108 23 13 64 -44 21 13 64 -36 22 13 64 100 23 13 64 -120 23 13 64 124 23 13 64 -56 21 13 64 112 27 8 64 100 27 8 64 -72 21 13 64 -28 -45 8 64 56 23 13 64 76 27 8 64 32 23 13 64 8 23 13 64 -80 22 13 64 -76 -45 8 64 92 -42 8 64 -92 -40 8 64 -12 -41 8 64 -100 -41 8 64 -128 22 13 64 92 22 13 64 60 22 13 64 56 -29 8 64 68 -28 8 64 84 26 8 64 -36 -34 8 64 -20 86 19 64 -96 -66 0 64 -72 -66 0 64 52 21 13 64 96 32 8 64 112 23 8 64 

Switching channel to 1 with bandwith [None/above/bellow]=1
Switching channel to 1 with bandwith [None/above/bellow]=1
Switching channel to 1 with bandwith [None/above/bellow]=1
<CSI><address>8C:0C:90:01:1E:C8</address><len>384</len>104 -105 -4 63 -128 1 -11 -24 89 -37 -5 63 88 -37 -5 63 0 0 0 0 0 0 0 0 -48 114 -5 63 89 -37 -5 63 88 -37 -5 63 0 98 50 47 0 0 0 0 12 -37 -5 63 89 -37 -5 63 88 -37 -5 63 -11 -24 -27 -51 -109 0 -41 -24 -47 49 -52 -115 -38 -66 49 61 -53 -72 -91 101 44 -50 -72 -89 -90 99 39 -25 -17 109 -60 -40 -38 -30 94 -2 -123 -11 -28 -19 106 -94 -89 99 97 98 111 -9 -65 -116 -72 54 -37 -49 -28 54 -106 72 -117 12 -65 58 74 109 -93 103 80 -1 4 -106 -128 17 38 46 -86 -45 -94 -60 -123 0 25 -18 -70 63 89 -37 -5 63 88 -37 -5 63 56 49 49 56 52 57 49 44 32 49 53 50 56 51 55 50 54 48 52 44 32 57 52 57 51 49 49 57 56 44 32 49 52 56 56 49 49 51 53 48 51 93 125 0 30 22 -42 -68 89 -37 -5 63 88 -37 -5 63 -116 12 -112 1 30 -56 1 63 -56 -36 -4 63 -128 0 -5 63 89 -37 -5 63 88 -37 -5 63 0 -37 -5 63 0 0 0 0 -112 114 -5 63 89 -37 -5 63 88 -37 -5 63 89 -37 -5 63 88 -37 -5 63 0 0 0 0 0 0 0 0 1 0 0 0 0 0 0 0 -1 -1 63 -77 0 0 0 0 -1 -1 63 -77 0 0 0 0 -1 -1 63 -77 0 0 0 0 -1 -1 63 -77 0 0 0 0 1 0 0 0 Switching channel to 1 with bandwith [None/above/bellow]=1
1 0 0 0 1 0 0 0 -88 23 13 64 -72 -66 0 64 -88 27 8 64 -116 27 8 64 -124 27 8 64 -108 23 13 64 -44 21 13 64 -40 27 8 64 -60 27 8 64 -36 22 13 64 100 23 13 64 76 -43 8 64 -100 26 8 64 -72 -66 0 64 44 27 8 64 48 22 13 64 32 22 13 64 

<CSI><address>8C:0C:90:01:1E:C8</address><len>384</len>116 -27 -4 63 -128 1 51 50 89 -37 -5 63 88 -37 -5 63 0 54 57 56 0 0 0 0 -48 114 -5 63 89 -37 -5 63 88 -37 -5 63 -24 -79 -4 67 -56 -103 -116 12 -112 1 30 -56 0 12 41 -85 -74 -12 96 123 5 0 -86 -86 3 0 0 0 8 6 0 1 8 0 6 4 0 1 0 12 41 -85 -74 -12 10 -96 8 1 0 0 0 0 0 0 10 -96 10 -19 0 0 0 0 0 0 0 0 0 0 0 0 0 0 0 0 0 0 0 0 0 0 29 -37 -5 63 80 -37 -5 63 0 0 0 0 -89 0 1 60 -9 22 52 3 11 -3 18 14 0 0 96 120 14 -32 0 0 -44 0 0 0 112 -18 80 27 30 48 0 0 80 45 -5 63 81 -37 -5 63 80 -37 -5 63 0 0 0 0 -89 0 1 4 23 39 52 3 -15 -65 127 -60 0 -128 48 113 20 64 1 0 -76 0 -68 0 112 -18 80 27 30 48 96 -29 39 -71 5 -69 -7 -1 -9 -2 89 -37 -5 63 88 -37 -5 63 1 0 0 0 0 0 0 0 -1 -1 63 -77 0 0 0 0 -1 -1 63 -77 0 0 0 0 -1 -1 63 -77 0 0 0 0 -1 -1 63 -77 0 0 0 0 1 0 0 0 1 0 0 0 1 0 0 0 -88 23 13 64 -72 -66 0 64 -88 27 8 64 -116 27 8 64 -124 27 8 64 -108 23 13 64 -44 21 13 64 -40 27 8 64 -60 27 8 64 -36 22 13 64 100 23 13 64 76 -43 8 64 -100 26 8 64 -72 -66 0 64 44 27 8 64 48 22 13 64 32 22 13 64 24 27 8 64 -80 81 8 64 -81 -66 -83 -34 2 0 0 0 -48 23 13 64 36 -8 8 64 60 -8 8 64 -88 23 13 64 -72 -66 0 64 -88 27 8 64 

Switching channel to 1 with bandwith [None/above/bellow]=1
Switching channel to 1 with bandwith [None/above/bellow]=1
Switching channel to 1 with bandwith [None/above/bellow]=1
<CSI><address>8C:0C:90:01:1E:C8</address><len>384</len>100 125 -4 63 -128 1 0 66 89 -37 -5 63 88 -37 -5 63 0 -12 -11 -24 0 0 0 0 -48 114 -5 63 89 -37 -5 63 88 -37 -5 63 89 -37 -5 63 88 -37 -5 63 89 -37 -5 63 88 -37 -5 63 88 -37 -5 63 25 -30 -4 -111 -56 101 -125 -65 0 3 116 37 -73 107 27 -33 122 38 -105 -30 16 -74 90 -127 36 -78 -69 -3 -56 -108 115 -22 -84 -20 108 59 -75 122 117 -125 8 -46 -24 127 98 40 96 60 57 -45 110 -68 117 -43 -53 59 17 1 -16 110 38 -116 36 67 27 23 76 -72 -36 70 -22 99 91 -111 59 0 119 99 -1 105 89 -37 -5 63 88 -37 -5 63 47 50 46 48 13 10 85 83 78 58 32 117 117 105 100 58 52 55 51 99 99 97 100 51 45 57 49 48 100 45 52 101 52 51 45 57 53 49 50 45 98 55 55 56 50 55 53 101 56 52 49 98 13 10 66 79 79 84 73 68 46 85 80 78 80 46 79 82 71 58 32 49 53 53 52 49 53 55 51 57 51 13 10 67 79 78 70 73 71 73 68 46 85 80 78 80 46 79 82 71 58 32 49 13 10 13 10 0 54 -31 11 63 -112 1 -5 63 1 0 0 0 0 0 0 0 -1 -1 63 -77 0 0 0 0 -1 -1 63 -77 0 0 0 0 -1 -1 63 -77 0 0 0 0 -1 -1 63 -77 0 0 0 0 1 0 0 0 1 0 0 0 1 0 0 0 -88 23 13 64 -72 -66 0 64 -88 27 8 64 -116 27 8 64 -124 27 8 64 -108 23 13 64 -44 21 13 64 -40 27 8 64 -60 27 8 64 -36 22 13 64 100 23 13 64 76 -43 8 64 -100 26 8 64 -72 -66 0 64 44 27 8 64 48 22 13 64 32 22 13 64 24 27 8 64 

Switching channel to 1 with bandwith [None/above/bellow]=1
Switching channel to 1 with bandwith [None/above/bellow]=1
Switching channel to 1 with bandwith [None/above/bellow]=1
<CSI><address>8C:0C:90:01:1E:C8</address><len>384</len>-120 -95 -5 63 -128 1 50 47 89 -37 -5 63 88 -37 -5 63 0 66 67 94 0 0 0 0 -48 114 -5 63 89 -37 -5 63 88 -37 -5 63 88 -37 -5 63 -120 2 60 0 -24 -79 -4 67 -56 -103 -116 12 -112 1 30 -56 0 12 41 -85 -74 -12 16 36 6 0 -86 -86 3 0 0 0 8 0 69 0 0 50 0 0 64 0 59 17 92 -64 108 -79 96 -67 10 -96 10 -19 1 -69 -74 51 0 30 -14 105 16 5 60 65 112 24 -5 76 4 11 -71 -81 -82 -107 90 104 73 0 10 90 -96 -97 8 4 0 8 89 -37 -5 63 88 -37 -5 63 0 0 0 0 -89 0 1 72 7 -4 104 3 -12 -45 79 -76 0 -128 80 111 88 -128 5 0 -120 10 44 0 -24 -79 -4 67 -56 -103 -116 12 -112 1 30 -56 0 12 41 -85 -74 -12 16 36 6 0 -86 -86 3 0 0 0 8 0 69 0 0 50 0 0 64 0 59 17 92 -64 108 -79 96 -67 10 -96 10 -19 1 -69 -74 51 0 30 -14 105 16 5 60 65 112 24 -5 76 4 11 -71 -81 -82 -107 90 104 73 0 10 90 -96 -97 -1 51 -7 0 1 0 0 0 0 0 0 0 -1 -1 63 -77 0 0 0 0 -1 -1 63 -77 0 0 0 0 -1 -1 63 -77 0 0 0 0 -1 -1 63 -77 0 0 0 0 1 0 0 0 1 0 0 0 1 0 0 0 -88 23 13 64 -72 -66 0 64 -88 27 8 64 -116 27 8 64 -124 27 8 64 -108 23 13 64 -44 21 13 64 -40 27 8 64 -60 27 8 64 -36 22 13 64 100 23 13 64 76 -43 8 64 -100 26 8 64 -72 -66 0 64 44 27 8 64 48 22 13 64 32 22 13 64 24 27 8 64 -80 81 8 64 -81 -66 -83 -34 2 0 0 0 

<CSI><address>8C:0C:90:01:1E:C8</address><len>384</len>-72 116 -4 63 -128 1 42 1 -7 -1 -3 63 -8 -1 -3 63 72 96 108 -35 24 0 80 -14 2 1 1 -117 0 3 -92 0 0 39 -92 0 0 66 67 94 0 98 50 47 0 54 3 96 -108 0 70 5 2 0 0 0 0 45 26 -116 1 27 -1 -1 0 0 0 0 0 0 0 0 0 0 16 0 0 0 0 0 0 0 0 0 0 61 22 1 0 0 0 0 0 0 0 0 0 0 0 0 0 0 0 0 0 0 0 0 0 127 4 0 0 0 0 -35 8 0 19 -110 1 0 1 -123 11 0 0 0 8 0 2 0 101 -15 -4 63 4 -1 -4 63 0 0 0 0 -89 0 1 72 7 -4 104 3 125 -3 20 16 0 0 80 111 -75 80 11 0 80 8 2 1 0 40 -8 38 40 -69 -116 12 -112 1 30 -56 -116 12 -112 1 30 -56 -112 1 -105 94 84 75 0 0 0 0 100 0 33 20 0 3 69 73 80 1 4 -126 -124 -117 -106 3 1 1 7 6 67 72 32 1 13 20 42 1 0 50 8 12 18 24 36 48 72 96 108 -35 24 0 80 -14 2 1 1 -117 0 3 -92 0 0 39 -92 0 0 66 67 94 0 98 50 47 0 54 3 96 -108 0 70 5 2 0 0 0 0 45 26 -116 1 27 -1 -1 0 0 0 0 0 0 0 0 0 0 16 0 0 0 0 0 0 0 0 0 0 61 22 1 0 0 0 0 0 0 0 0 0 0 0 0 0 0 0 0 0 0 0 0 0 127 4 0 0 0 0 -35 8 0 19 -110 1 0 1 -123 11 0 0 0 8 0 0 127 65 -14 -4 63 4 -1 -4 63 0 0 0 0 -89 0 1 -56 7 -4 104 3 123 -3 11 19 0 0 80 111 -68 -64 11 0 -128 0 0 0 

<CSI><address>8C:0C:90:01:1E:C8</address><len>384</len>100 125 -4 63 -128 1 2 0 -7 -1 -3 63 -8 -1 -3 63 0 0 0 0 0 0 0 0 -48 114 -5 63 -7 -1 -3 63 -8 -1 -3 63 -75 80 11 0 80 8 2 1 0 40 -8 38 40 -69 -116 12 -112 1 30 -56 -116 12 -112 1 30 -56 -112 1 -105 94 84 75 0 0 0 0 100 0 33 20 0 3 69 73 80 1 4 -126 -124 -117 -106 3 1 1 7 6 67 72 32 1 13 20 42 1 0 50 8 12 18 24 36 48 72 96 108 -35 24 0 80 -14 2 1 1 -117 0 3 -92 0 0 39 -92 0 0 66 67 94 0 98 50 47 0 54 3 96 -108 0 70 5 2 0 0 0 0 45 26 -116 1 27 -1 -1 0 0 0 0 0 0 0 0 0 0 16 0 0 0 0 0 0 0 0 0 0 61 22 1 0 0 0 0 0 0 0 0 0 0 0 0 0 0 0 0 0 0 0 0 0 127 4 0 0 0 0 -35 8 0 19 -110 1 0 1 -123 11 0 0 0 8 0 0 127 65 -14 -4 63 4 -1 -4 63 0 0 0 0 -89 0 1 -56 7 -4 104 3 123 -3 11 19 0 0 80 111 -68 -64 11 0 -128 0 0 0 -1 -1 -1 -1 -1 -1 -116 12 -112 1 30 -56 -116 12 -112 1 30 -56 -128 -43 117 98 84 75 0 0 0 0 100 0 33 20 0 3 69 73 80 1 4 -126 -124 -117 -106 3 1 1 5 5 0 1 1 0 64 7 6 67 72 32 1 13 20 42 1 0 50 8 12 18 24 36 48 72 96 108 -35 24 0 80 -14 2 1 1 -117 0 3 -92 0 0 39 -92 0 0 66 67 94 0 98 50 47 0 54 3 96 -108 0 70 5 2 0 0 0 0 45 26 -116 1 27 -1 -1 0 0 0 0 0 

Switching channel to 1 with bandwith [None/above/bellow]=1
Switching channel to 1 with bandwith [None/above/bellow]=1
Switching channel to 1 with bandwith [None/above/bellow]=1
Switching channel to 1 with bandwith [None/above/bellow]=1
<CSI><address>8C:0C:90:01:1E:C8</address><len>384</len>112 -53 -4 63 -128 1 54 52 89 -37 -5 63 88 -37 -5 63 0 69 67 66 0 0 0 0 -48 114 -5 63 89 -37 -5 63 88 -37 -5 63 53 70 58 58 73 110 116 101 108 85 83 66 111 118 101 114 73 80 58 49 13 10 13 10 96 -122 -110 125 89 -37 -5 63 88 -37 -5 63 47 -128 1 0 0 0 120 0 8 -64 -65 0 4 64 0 0 8 0 0 41 5 -96 0 0 17 -108 0 18 0 4 0 14 0 -71 -2 65 95 -117 72 43 -36 65 95 -117 72 43 0 0 -112 1 -27 -46 89 -37 -5 63 88 -37 -5 63 1 -128 1 0 0 0 120 0 4 10 -96 14 -26 -64 -125 0 47 -128 1 0 0 17 -108 0 9 -64 -125 0 5 0 0 -128 0 64 -63 15 0 47 -128 1 0 0 0 120 0 8 -63 15 0 4 64 0 0 8 0 0 -101 -37 -5 63 1 0 0 0 0 0 0 0 -1 -1 63 -77 0 0 0 0 -1 -1 63 -77 0 0 0 0 -1 -1 63 -77 0 0 0 0 -1 -1 63 -77 0 0 0 0 1 0 0 0 1 0 0 0 1 0 0 0 -88 23 13 64 -72 -66 0 64 -88 27 8 64 -116 27 8 64 -124 27 8 64 -108 23 13 64 -44 21 13 64 -40 27 8 64 -60 27 8 64 -36 22 13 64 100 23 13 64 76 -43 8 64 -100 26 8 64 -72 -66 0 64 44 27 8 64 48 22 13 64 32 22 13 64 24 27 8 64 -80 81 8 64 -81 -66 -83 -34 2 0 0 0 -48 23 13 64 36 -8 8 64 60 -8 8 64 -88 23 13 64 -72 -66 0 64 -88 27 8 64 -116 27 8 64 -124 27 8 64 -108 23 13 64 -44 21 13 64 -36 22 13 64 100 23 13 64 -120 23 13 64 124 23 13 64 

Switching channel to 1 with bandwith [None/above/bellow]=1
Switching channel to 1 with bandwith [None/above/bellow]=1
Switching channel to 1 with bandwith [None/above/bellow]=1
Switching channel to 1 with bandwith [None/above/bellow]=1
<CSI><address>8C:0C:90:01:1E:C8</address><len>384</len>28 -44 -4 63 -128 1 48 32 89 -37 -5 63 88 -37 -5 63 0 48 46 49 0 0 0 0 -48 114 -5 63 89 -37 -5 63 88 -37 -5 63 88 -37 -5 63 -10 -29 79 -76 0 -128 -80 111 32 0 2 0 -116 12 -112 1 30 -56 1 1 -56 -36 -4 63 -128 0 -63 15 89 -37 -5 63 88 -37 -5 63 -101 -37 -5 63 1 0 0 0 0 0 0 0 -1 -1 63 -77 0 0 0 0 -1 -1 63 -77 0 0 0 0 -1 -1 63 -77 0 0 0 0 -1 -1 63 -77 0 0 0 0 1 0 0 0 1 0 0 0 1 0 0 0 -88 23 13 64 -72 -66 0 64 -88 27 8 64 -116 27 8 64 -124 27 8 64 -108 23 13 64 -44 21 13 64 -40 27 8 64 -60 27 8 64 -36 22 13 64 100 23 13 64 76 -43 8 64 -100 26 8 64 -72 -66 0 64 44 27 8 64 48 22 13 64 32 22 13 64 24 27 8 64 -80 81 8 64 -81 -66 -83 -34 2 0 0 0 -48 23 13 64 36 -8 8 64 60 -8 8 64 -88 23 13 64 -72 -66 0 64 -88 27 8 64 -116 27 8 64 -124 27 8 64 -108 23 13 64 -44 21 13 64 -36 22 13 64 100 23 13 64 -120 23 13 64 124 23 13 64 -56 21 13 64 112 27 8 64 100 27 8 64 -72 21 13 64 -28 -45 8 64 56 23 13 64 76 27 8 64 32 23 13 64 8 23 13 64 -80 22 13 64 -76 -45 8 64 92 -42 8 64 -92 -40 8 64 -12 -41 8 64 -100 -41 8 64 -128 22 13 64 92 22 13 64 60 22 13 64 56 -29 8 64 68 -28 8 64 84 26 8 64 -36 -34 8 64 -20 86 19 64 -96 -66 0 64 -72 -66 0 64 52 21 13 64 96 32 8 64 112 23 8 64 

Switching channel to 1 with bandwith [None/above/bellow]=1
Switching channel to 1 with bandwith [None/above/bellow]=1
<CSI><address>8C:0C:90:01:1E:C8</address><len>384</len>-116 -69 -5 63 -128 1 -1 -1 89 -37 -5 63 88 -37 -5 63 0 -37 -5 63 0 0 0 0 -48 114 -5 63 89 -37 -5 63 88 -37 -5 63 5 -37 -5 63 89 -37 -5 63 88 -37 -5 63 53 52 44 32 49 52 50 57 55 51 51 56 57 44 32 49 52 50 50 54 57 48 48 54 50 44 32 49 49 49 57 51 53 50 54 56 53 44 32 49 56 55 52 55 50 49 53 50 48 44 32 49 53 52 56 55 52 53 53 56 55 44 32 55 51 55 49 50 53 55 56 49 44 32 49 52 49 54 53 52 56 53 48 50 44 32 49 49 49 57 51 51 52 56 52 48 44 32 49 52 50 50 56 48 57 49 52 53 44 32 50 50 56 56 49 53 51 53 52 44 32 49 52 56 55 55 56 55 51 53 52 44 32 49 52 52 48 54 49 55 48 49 56 93 125 0 0 0 88 84 73 68 89 -37 -5 63 88 -37 -5 63 71 58 32 49 53 53 52 49 53 55 51 57 51 13 10 67 79 78 70 73 71 73 68 46 85 80 78 80 46 79 82 71 58 32 49 13 10 13 10 0 -99 73 -16 63 -112 -38 -5 63 1 0 0 0 0 0 0 0 -1 -1 63 -77 0 0 0 0 -1 -1 63 -77 0 0 0 0 -1 -1 63 -77 0 0 0 0 -1 -1 63 -77 0 0 0 0 1 0 0 0 1 0 0 0 1 0 0 0 -88 23 13 64 -72 -66 0 64 -88 27 8 64 -116 27 8 64 -124 27 8 64 -108 23 13 64 -44 21 13 64 -40 27 8 64 -60 27 8 64 -36 22 13 64 100 23 13 64 76 -43 8 64 -100 26 8 64 -72 -66 0 64 44 27 8 64 48 22 13 64 32 22 13 64 24 27 8 64 -80 81 8 64 

Switching channel to 1 with bandwith [None/above/bellow]=1
<CSI><address>8C:0C:90:01:1E:C8</address><len>384</len>28 -44 -4 63 -128 1 51 99 89 -37 -5 63 88 -37 -5 63 0 45 52 101 0 0 0 0 -48 114 -5 63 89 -37 -5 63 88 -37 -5 63 56 52 49 98 13 10 66 79 79 84 73 68 46 85 80 78 80 46 79 82 71 58 32 49 53 53 52 49 53 55 51 57 51 13 10 67 79 78 70 73 71 73 68 46 85 80 78 80 46 79 82 71 58 32 49 13 10 13 10 0 8 10 111 63 4 -12 -4 63 1 0 0 0 0 0 0 0 -1 -1 63 -77 0 0 0 0 -1 -1 63 -77 0 0 0 0 -1 -1 63 -77 0 0 0 0 -1 -1 63 -77 0 0 0 0 1 0 0 0 1 0 0 0 1 0 0 0 -88 23 13 64 -72 -66 0 64 -88 27 8 64 -116 27 8 64 -124 27 8 64 -108 23 13 64 -44 21 13 64 -40 27 8 64 -60 27 8 64 -36 22 13 64 100 23 13 64 76 -43 8 64 -100 26 8 64 -72 -66 0 64 44 27 8 64 48 22 13 64 32 22 13 64 24 27 8 64 -80 81 8 64 -81 -66 -83 -34 2 0 0 0 -48 23 13 64 36 -8 8 64 60 -8 8 64 -88 23 13 64 -72 -66 0 64 -88 27 8 64 -116 27 8 64 -124 27 8 64 -108 23 13 64 -44 21 13 64 -36 22 13 64 100 23 13 64 -120 23 13 64 124 23 13 64 -56 21 13 64 112 27 8 64 100 27 8 64 -72 21 13 64 -28 -45 8 64 56 23 13 64 76 27 8 64 32 23 13 64 8 23 13 64 -80 22 13 64 -76 -45 8 64 92 -42 8 64 -92 -40 8 64 -12 -41 8 64 -100 -41 8 64 -128 22 13 64 92 22 13 64 60 22 13 64 56 -29 8 64 68 -28 8 64 84 26 8 64 -36 -34 8 64 

Switching channel to 1 with bandwith [None/above/bellow]=1
Switching channel to 1 with bandwith [None/above/bellow]=1
<CSI><address>8C:0C:90:01:1E:C8</address><len>384</len>24 -70 -4 63 -128 1 54 48 89 -37 -5 63 88 -37 -5 63 0 55 54 45 0 0 0 0 -48 114 -5 63 89 -37 -5 63 88 -37 -5 63 116 101 108 85 83 66 111 118 101 114 73 80 58 49 13 10 13 10 0 0 49 54 -5 63 89 -37 -5 63 88 -37 -5 63 -19 -38 -5 63 -8 -38 -5 63 28 -17 -4 63 -7 -38 -5 63 -8 -38 -5 63 8 -37 -5 63 53 -37 -5 63 88 -37 -5 63 0 0 0 0 53 -37 -5 63 88 -37 -5 63 0 0 0 0 -89 0 1 10 -38 113 69 4 125 -3 13 19 0 0 0 69 14 -32 0 0 -44 0 0 0 -24 -79 -4 67 -56 -103 0 0 -1 -1 51 57 65 -37 -5 63 88 -37 -5 63 -8 -17 -4 63 77 -37 -5 63 88 -37 -5 63 16 -15 -4 63 89 -37 -5 63 88 -37 -5 63 44 -14 -4 63 1 0 0 0 0 0 0 0 -1 -1 63 -77 0 0 0 0 -1 -1 63 -77 0 0 0 0 -1 -1 63 -77 0 0 0 0 -1 -1 63 -77 0 0 0 0 1 0 0 0 1 0 0 0 1 0 0 0 -88 23 13 64 -72 -66 0 64 -88 27 8 64 -116 27 8 64 -124 27 8 64 -108 23 13 64 -44 21 13 64 -40 27 8 64 -60 27 8 64 -36 22 13 64 100 23 13 64 76 -43 8 64 -100 26 8 64 -72 -66 0 64 44 27 8 64 48 22 13 64 32 22 13 64 24 27 8 64 -80 81 8 64 -81 -66 -83 -34 2 0 0 0 -48 23 13 64 36 -8 8 64 60 -8 8 64 -88 23 13 64 -72 -66 0 64 -88 27 8 64 -116 27 8 64 -124 27 8 64 -108 23 13 64 -44 21 13 64 -36 22 13 64 100 23 13 64 -120 23 13 64 124 23 13 64 -56 21 13 64 

Switching channel to 1 with bandwith [None/above/bellow]=1
<CSI><address>8C:0C:90:01:1E:C8</address><len>384</len>-68 -114 -4 63 -128 1 1 -124 89 -37 -5 63 88 -37 -5 63 0 66 67 94 0 0 0 0 -48 114 -5 63 89 -37 -5 63 88 -37 -5 63 88 -37 -5 63 25 22 66 106 -61 -74 114 110 -30 -128 -103 115 32 77 97 99 66 111 111 107 32 80 114 111 -64 12 -64 12 0 12 0 1 0 0 14 5 0 26 23 77 97 99 66 111 111 107 32 80 114 111 32 100 105 32 82 105 99 99 97 114 100 111 -64 12 0 0 41 5 -96 0 0 17 -108 0 18 0 4 0 14 0 -71 -2 65 95 -117 72 43 -36 65 95 -117 72 43 0 0 0 0 0 0 0 89 -37 -5 63 88 -37 -5 63 1 -37 -5 63 0 -37 -5 63 4 -37 -5 63 49 -37 -5 63 88 -37 -5 63 0 0 0 0 -89 0 1 58 -121 -74 91 4 -14 -61 15 -83 0 -128 -16 111 14 -32 0 0 -44 0 0 0 8 -59 -31 -67 -27 -84 0 0 0 0 0 0 61 -37 -5 63 88 -37 -5 63 92 -39 -5 63 73 -37 -5 63 88 -37 -5 63 8 -18 -4 63 89 -37 -5 63 88 -37 -5 63 -48 -39 -5 63 88 -37 -5 63 1 0 0 0 0 0 0 0 -1 -1 63 -77 0 0 0 0 -1 -1 63 -77 0 0 0 0 -1 -1 63 -77 0 0 0 0 -1 -1 63 -77 0 0 0 0 1 0 0 0 1 0 0 0 1 0 0 0 -88 23 13 64 -72 -66 0 64 -88 27 8 64 -116 27 8 64 -124 27 8 64 -108 23 13 64 -44 21 13 64 -40 27 8 64 -60 27 8 64 -36 22 13 64 100 23 13 64 76 -43 8 64 -100 26 8 64 -72 -66 0 64 44 27 8 64 48 22 13 64 32 22 13 64 24 27 8 64 -80 81 8 64 -81 -66 -83 -34 2 0 0 0 

<CSI><address>8C:0C:90:01:1E:C8</address><len>384</len>104 -105 -4 63 -128 1 -31 -67 89 -37 -5 63 88 -37 -5 63 61 -37 -5 63 88 -37 -5 63 92 -39 -5 63 73 -37 -5 63 88 -37 -5 63 8 -18 -4 63 89 -37 -5 63 88 -37 -5 63 -48 -39 -5 63 88 -37 -5 63 1 0 0 0 0 0 0 0 -1 -1 63 -77 0 0 0 0 -1 -1 63 -77 0 0 0 0 -1 -1 63 -77 0 0 0 0 -1 -1 63 -77 0 0 0 0 1 0 0 0 1 0 0 0 1 0 0 0 -88 23 13 64 -72 -66 0 64 -88 27 8 64 -116 27 8 64 -124 27 8 64 -108 23 13 64 -44 21 13 64 -40 27 8 64 -60 27 8 64 -36 22 13 64 100 23 13 64 76 -43 8 64 -100 26 8 64 -72 -66 0 64 44 27 8 64 48 22 13 64 32 22 13 64 24 27 8 64 -80 81 8 64 -81 -66 -83 -34 2 0 0 0 -48 23 13 64 36 -8 8 64 60 -8 8 64 -88 23 13 64 -72 -66 0 64 -88 27 8 64 -116 27 8 64 -124 27 8 64 -108 23 13 64 -44 21 13 64 -36 22 13 64 100 23 13 64 -120 23 13 64 124 23 13 64 -56 21 13 64 112 27 8 64 100 27 8 64 -72 21 13 64 -28 -45 8 64 56 23 13 64 76 27 8 64 32 23 13 64 8 23 13 64 -80 22 13 64 -76 -45 8 64 92 -42 8 64 -92 -40 8 64 -12 -41 8 64 -100 -41 8 64 -128 22 13 64 92 22 13 64 60 22 13 64 56 -29 8 64 68 -28 8 64 84 26 8 64 -36 -34 8 64 -20 86 19 64 -96 -66 0 64 -72 -66 0 64 52 21 13 64 96 32 8 64 112 23 8 64 120 23 8 64 80 30 13 64 -104 35 13 64 64 20 13 64 56 27 8 64 44 27 8 64 

Switching channel to 1 with bandwith [None/above/bellow]=1
<CSI><address>8C:0C:90:01:1E:C8</address><len>384</len>24 -70 -4 63 -128 1 0 0 57 -38 -5 63 88 -37 -5 63 92 33 10 -96 9 -58 1 -69 -95 100 78 -99 -97 61 84 -69 -61 34 -96 18 113 32 41 -40 0 0 2 4 5 -76 4 2 8 10 69 -3 9 -89 10 -66 26 40 1 3 3 8 0 127 8 4 -17 -66 -83 -34 0 0 68 -38 -5 63 2 0 0 0 120 -38 -5 63 80 -38 -5 63 2 0 0 0 8 -18 -4 63 92 -38 -5 63 1 0 0 0 -4 -38 -5 63 104 -38 -5 63 1 0 0 0 92 -39 -5 63 116 -38 -5 63 0 -37 -5 63 0 0 0 0 -8 -38 -5 63 18 75 27 -128 4 102 0 31 -89 1 1 42 -56 -69 115 4 -11 -41 79 -80 0 -128 -15 121 98 32 6 0 -120 2 48 0 -76 -15 -38 -20 105 -34 -116 12 -112 1 30 -56 0 12 41 -85 -74 -12 -96 5 0 0 -86 -86 3 0 0 0 8 0 69 0 0 60 0 0 64 0 81 6 -102 40 31 13 92 33 10 -96 9 -58 1 -69 -95 100 78 -99 -97 61 84 -69 -61 34 -96 18 113 32 41 -40 0 0 2 4 5 -76 4 2 8 10 69 -3 9 -89 10 -66 26 40 1 3 3 8 0 127 8 4 -5 63 56 -37 -5 63 19 10 32 -128 0 0 0 0 -89 0 1 22 27 -58 115 4 -11 -41 63 -76 0 -128 -128 111 32 0 2 0 -108 0 0 0 -76 -15 -38 -20 105 -34 -116 12 -112 1 30 -56 5 0 112 8 3 0 0 0 0 0 0 0 0 0 0 0 68 -37 -5 63 1 0 0 0 -116 -39 -5 63 88 -37 -5 63 16 1 1 0 0 -37 -5 63 0 0 0 0 -48 114 -5 63 1 0 0 0 0 0 0 0 -1 -1 63 -77 0 0 0 0 -1 -1 63 -77 0 0 0 0 

<CSI><address>8C:0C:90:01:1E:C8</address><len>384</len>-32 -78 -5 63 -128 1 49 49 -7 -1 -3 63 -8 -1 -3 63 0 55 57 53 0 0 0 0 -48 114 -5 63 -7 -1 -3 63 -8 -1 -3 63 56 57 50 57 54 56 53 53 44 32 49 49 53 54 54 49 50 55 51 44 32 49 51 52 53 54 51 52 53 51 55 44 32 54 52 50 50 54 54 57 56 54 44 32 49 48 55 54 49 56 50 55 54 52 44 32 49 50 50 50 54 51 49 52 57 44 32 49 49 52 50 53 50 54 49 57 51 93 125 0 16 71 98 0 -123 -7 -4 63 -124 -7 -4 63 -120 -7 -4 63 -7 -1 -3 63 -8 -1 -3 63 0 0 0 0 -89 0 1 -118 -93 -66 91 4 -128 -3 11 17 0 0 48 112 -69 -80 11 0 -128 0 0 0 -1 -1 -1 -1 -1 -1 -116 12 -112 1 30 -56 -116 12 -112 1 30 -56 64 -33 -128 33 72 76 0 0 0 0 100 0 33 20 0 3 69 73 80 1 4 -126 -124 -117 -106 3 1 1 5 4 0 1 0 0 7 6 67 72 32 1 13 20 42 1 0 50 8 12 18 24 36 48 72 96 108 -35 24 0 80 -14 2 1 1 -117 0 3 -92 0 0 39 -92 0 0 66 67 94 0 98 50 47 0 54 3 96 -108 0 70 5 2 0 0 0 0 45 26 -116 1 27 -1 -1 0 0 0 0 0 0 0 0 0 0 16 0 0 0 0 0 0 0 0 0 0 61 22 1 0 0 0 0 0 0 0 0 0 0 0 0 0 0 0 0 0 0 0 0 0 127 4 0 0 0 0 -35 8 0 19 -110 1 0 1 -123 0 0 0 64 -35 47 -7 -1 -3 63 -8 -1 -3 63 2 0 0 0 0 45 26 -116 1 27 -1 -1 0 0 0 0 0 0 0 0 0 0 16 0 

<CSI><address>8C:0C:90:01:1E:C8</address><len>384</len>-116 -69 -5 63 -128 1 -116 12 -7 -1 -3 63 -8 -1 -3 63 0 -56 64 -33 0 0 0 0 -48 114 -5 63 -7 -1 -3 63 -8 -1 -3 63 80 1 4 -126 -124 -117 -106 3 1 1 5 4 0 1 0 0 7 6 67 72 32 1 13 20 42 1 0 50 8 12 18 24 36 48 72 96 108 -35 24 0 80 -14 2 1 1 -117 0 3 -92 0 0 39 -92 0 0 66 67 94 0 98 50 47 0 54 3 96 -108 0 70 5 2 0 0 0 0 45 26 -116 1 27 -1 -1 0 0 0 0 0 0 0 0 0 0 16 0 0 0 0 0 0 0 0 0 0 61 22 1 0 0 0 0 0 0 0 0 0 0 0 0 0 0 0 0 0 0 0 0 0 127 4 0 0 0 0 -35 8 0 19 -110 1 0 1 -123 0 0 0 64 -35 47 -7 -1 -3 63 -8 -1 -3 63 2 0 0 0 0 45 26 -116 1 27 -1 -1 0 0 0 0 0 0 0 0 0 0 16 0 0 0 0 0 0 0 0 0 0 61 22 1 0 0 0 0 0 0 0 0 0 0 0 0 0 0 0 0 0 0 0 0 0 127 4 0 0 0 0 -35 8 0 19 -110 1 0 1 -123 25 0 0 0 -128 0 0 15 -59 -6 -4 63 -60 -6 -4 63 -56 -6 -4 63 -7 -1 -3 63 -8 -1 -3 63 0 0 0 0 -89 0 1 66 -115 31 -99 3 126 -3 19 21 0 0 -64 96 -75 80 11 0 80 8 2 1 48 58 100 -122 6 -116 -116 12 -112 1 30 -56 -116 12 -112 1 30 -56 112 0 1 -43 -120 75 0 0 0 0 100 0 33 20 0 3 69 73 80 1 4 -126 -124 -117 -106 3 1 1 7 6 67 72 32 1 13 20 42 1 0 50 8 12 18 24 36 48 

Switching channel to 1 with bandwith [None/above/bellow]=1
Switching channel to 1 with bandwith [None/above/bellow]=1
Switching channel to 1 with bandwith [None/above/bellow]=1
<CSI><address>8C:0C:90:01:1E:C8</address><len>384</len>-116 -69 -5 63 -128 1 -5 63 89 -37 -5 63 88 -37 -5 63 0 84 -13 122 0 0 0 0 -48 114 -5 63 89 -37 -5 63 88 -37 -5 63 102 84 108 96 35 -12 -119 89 63 -102 70 -30 -96 68 -95 71 73 -120 -14 -116 48 29 -22 88 -86 42 53 -78 38 -48 -97 -127 -127 4 -102 32 -122 -54 114 62 119 123 -109 -14 89 -37 -5 63 88 -37 -5 63 13 10 13 10 0 12 6 105 89 -37 -5 63 88 -37 -5 63 5 -76 4 2 8 10 69 -3 9 -89 10 -66 26 40 1 3 3 8 0 127 8 4 -5 63 57 -37 -5 63 88 -37 -5 63 0 0 0 0 -89 0 1 22 27 -58 115 4 -11 -41 63 -76 0 -128 -128 111 32 0 2 0 -108 0 0 0 -76 -15 -38 -20 105 -34 -116 12 -112 1 30 -56 5 0 112 8 3 0 0 0 0 0 0 0 0 0 0 0 69 -37 -5 63 88 -37 -5 63 -116 -39 -5 63 89 -37 -5 63 88 -37 -5 63 0 -37 -5 63 0 0 0 0 -48 114 -5 63 1 0 0 0 0 0 0 0 -1 -1 63 -77 0 0 0 0 -1 -1 63 -77 0 0 0 0 -1 -1 63 -77 0 0 0 0 -1 -1 63 -77 0 0 0 0 1 0 0 0 1 0 0 0 1 0 0 0 -88 23 13 64 -72 -66 0 64 -88 27 8 64 -116 27 8 64 -124 27 8 64 -108 23 13 64 -44 21 13 64 -40 27 8 64 -60 27 8 64 -36 22 13 64 100 23 13 64 76 -43 8 64 -100 26 8 64 -72 -66 0 64 44 27 8 64 48 22 13 64 32 22 13 64 24 27 8 64 -80 81 8 64 -81 -66 -83 -34 2 0 0 0 -48 23 13 64 36 -8 8 64 60 -8 8 64 -88 23 13 64 -72 -66 0 64 -88 27 8 64 

Switching channel to 1 with bandwith [None/above/bellow]=1
Switching channel to 1 with bandwith [None/above/bellow]=1
Switching channel to 1 with bandwith [None/above/bellow]=1
<CSI><address>8C:0C:90:01:1E:C8</address><len>384</len>116 -27 -4 63 -128 1 38 -53 89 -37 -5 63 88 -37 -5 63 0 66 67 94 0 0 0 0 -48 114 -5 63 89 -37 -5 63 88 -37 -5 63 88 -37 -5 63 0 0 41 5 -96 0 0 17 -108 0 18 0 4 0 14 0 116 58 101 -112 59 108 -41 24 101 -112 59 108 -41 0 0 0 23 89 34 -2 89 -37 -5 63 88 -37 -5 63 -49 -24 113 -56 -48 9 -69 -29 -50 -43 -128 24 0 120 -6 -60 0 0 1 1 8 10 -21 -34 -37 97 45 46 -33 4 23 3 3 0 27 79 -99 25 -113 -21 -17 -14 103 120 -51 -9 96 95 38 43 -93 74 82 -56 25 127 102 -63 103 -14 91 71 -5 63 88 -37 -5 63 5 -37 -5 63 88 -37 -5 63 92 -39 -5 63 17 -37 -5 63 16 -37 -5 63 20 -37 -5 63 65 -37 -5 63 88 -37 -5 63 0 0 0 0 -89 0 1 0 -93 -32 -74 4 126 -3 13 16 0 0 64 112 14 -32 0 0 -44 0 0 0 -24 -79 -4 67 -56 -103 0 0 39 -71 -5 63 77 -37 -5 63 88 -37 -5 63 8 -18 -4 63 89 -37 -5 63 88 -37 -5 63 -28 -18 -4 63 1 0 0 0 0 0 0 0 -1 -1 63 -77 0 0 0 0 -1 -1 63 -77 0 0 0 0 -1 -1 63 -77 0 0 0 0 -1 -1 63 -77 0 0 0 0 1 0 0 0 1 0 0 0 1 0 0 0 -88 23 13 64 -72 -66 0 64 -88 27 8 64 -116 27 8 64 -124 27 8 64 -108 23 13 64 -44 21 13 64 -40 27 8 64 -60 27 8 64 -36 22 13 64 100 23 13 64 76 -43 8 64 -100 26 8 64 -72 -66 0 64 44 27 8 64 48 22 13 64 32 22 13 64 24 27 8 64 -80 81 8 64 -81 -66 -83 -34 2 0 0 0 

<CSI><address>8C:0C:90:01:1E:C8</address><len>384</len>-72 116 -4 63 -128 1 20 0 -7 -1 -3 63 -8 -1 -3 63 0 0 25 0 0 0 0 0 -48 114 -5 63 -7 -1 -3 63 -8 -1 -3 63 4 8 18 -35 22 0 80 -14 1 1 0 0 80 -14 2 1 0 0 80 -14 2 1 0 0 80 -14 2 -35 24 0 80 -14 2 1 1 -124 0 3 -92 0 0 39 -92 0 0 66 67 94 0 98 50 47 0 0 0 0 50 50 49 52 -31 -9 -4 63 -44 9 -3 63 0 0 0 0 -89 0 1 -126 -126 69 116 4 -115 -1 17 12 0 0 80 70 -28 64 14 0 -128 0 0 0 -1 -1 -1 -1 -1 -1 -76 93 80 45 -80 -95 -76 93 80 45 -80 -95 -112 -13 80 122 -44 -125 0 0 0 0 100 0 49 4 0 16 81 117 97 110 116 105 115 45 76 97 117 115 97 110 110 101 1 8 -126 -124 11 22 36 48 72 108 3 1 1 5 4 0 1 0 0 42 1 0 50 4 12 18 24 96 48 20 1 0 0 15 -84 4 1 0 0 15 -84 4 1 0 0 15 -84 2 40 0 11 5 1 0 86 58 84 45 26 -83 17 27 -1 -1 0 0 0 0 0 0 0 0 0 0 0 0 0 0 0 0 0 0 0 0 0 61 22 1 8 21 0 0 0 0 0 0 0 0 0 0 0 0 0 0 0 0 0 0 0 74 14 20 0 10 0 44 1 -56 0 20 0 5 0 25 0 127 8 5 0 8 0 0 64 0 64 -35 7 0 11 -122 1 4 8 18 -35 24 0 80 -14 2 1 1 -124 0 3 -92 0 0 39 -92 0 0 66 67 94 0 98 50 47 0 0 98 50 47 -19 -9 -4 63 -40 -8 -4 63 44 -6 -4 63 -7 -9 -4 63 -8 -9 -4 63 -4 -9 -4 63 57 -8 -4 63 

Switching channel to 1 with bandwith [None/above/bellow]=1
<CSI><address>8C:0C:90:01:1E:C8</address><len>384</len>-64 -88 -4 63 -128 1 0 0 89 -37 -5 63 88 -37 -5 63 0 1 30 -56 0 0 0 0 -48 114 -5 63 89 -37 -5 63 88 -37 -5 63 89 -37 -5 63 88 -37 -5 63 0 0 0 0 -90 0 1 44 -75 32 -20 4 -11 -37 95 -72 0 -128 -48 111 32 0 2 0 -116 12 -112 1 30 -56 1 0 20 -96 -4 63 -128 0 1 11 89 -37 -5 63 88 -37 -5 63 0 108 48 20 0 0 0 0 -112 114 -5 63 89 -37 -5 63 88 -37 -5 63 -84 2 12 0 70 5 114 0 0 0 0 45 26 -19 17 27 -1 -1 -1 0 0 0 0 0 0 0 0 0 1 0 0 0 0 0 0 0 0 0 0 61 22 1 0 4 0 0 0 0 0 0 0 0 0 0 0 0 0 0 0 0 0 0 0 127 8 4 0 8 2 0 0 0 64 -35 24 0 80 -14 2 1 1 0 0 3 -92 0 0 39 -92 0 0 66 67 94 0 98 50 47 0 -35 12 -12 -11 -24 5 0 -1 0 0 -1 -1 -1 -1 0 0 0 2 -24 -25 -18 89 -37 -5 63 88 -37 -5 63 0 66 67 94 0 98 50 47 0 0 0 0 93 -37 -5 63 89 -37 -5 63 88 -37 -5 63 4 0 14 0 116 58 101 -112 59 108 -41 24 101 -112 59 108 -41 0 0 0 -8 -96 73 -99 89 -37 -5 63 88 -37 -5 63 -21 32 -106 -101 0 0 2 4 5 100 4 2 8 10 50 10 52 54 10 -66 34 107 1 3 3 8 0 0 0 -35 1 1 -43 -38 -5 63 80 -37 -5 63 8 -18 -4 63 -31 -38 -5 63 -32 -38 -5 63 -28 -38 -5 63 33 -37 -5 63 80 -37 -5 63 0 0 0 0 -90 0 1 0 -47 -83 -31 4 -12 -45 79 -76 0 -128 -80 111 32 0 2 0 

<CSI><address>8C:0C:90:01:1E:C8</address><len>384</len>-64 -88 -4 63 -128 1 2 0 89 -37 -5 63 88 -37 -5 63 20 -96 -4 63 -128 0 1 11 89 -37 -5 63 88 -37 -5 63 0 108 48 20 0 0 0 0 -112 114 -5 63 89 -37 -5 63 88 -37 -5 63 -84 2 12 0 70 5 114 0 0 0 0 45 26 -19 17 27 -1 -1 -1 0 0 0 0 0 0 0 0 0 1 0 0 0 0 0 0 0 0 0 0 61 22 1 0 4 0 0 0 0 0 0 0 0 0 0 0 0 0 0 0 0 0 0 0 127 8 4 0 8 2 0 0 0 64 -35 24 0 80 -14 2 1 1 0 0 3 -92 0 0 39 -92 0 0 66 67 94 0 98 50 47 0 -35 12 -12 -11 -24 5 0 -1 0 0 -1 -1 -1 -1 0 0 0 2 -24 -25 -18 89 -37 -5 63 88 -37 -5 63 0 66 67 94 0 98 50 47 0 0 0 0 93 -37 -5 63 89 -37 -5 63 88 -37 -5 63 4 0 14 0 116 58 101 -112 59 108 -41 24 101 -112 59 108 -41 0 0 0 -8 -96 73 -99 89 -37 -5 63 88 -37 -5 63 -21 32 -106 -101 0 0 2 4 5 100 4 2 8 10 50 10 52 54 10 -66 34 107 1 3 3 8 0 0 0 -35 1 1 -43 -38 -5 63 80 -37 -5 63 8 -18 -4 63 -31 -38 -5 63 -32 -38 -5 63 -28 -38 -5 63 33 -37 -5 63 80 -37 -5 63 0 0 0 0 -90 0 1 0 -47 -83 -31 4 -12 -45 79 -76 0 -128 -80 111 32 0 2 0 -108 0 0 0 -76 -15 -38 -20 105 -34 -116 12 -112 1 30 -56 5 0 -16 8 31 0 0 0 0 0 0 0 0 0 0 0 45 -37 -5 63 80 -37 -5 63 92 -39 -5 63 57 -37 -5 63 80 -37 -5 63 20 -17 -4 63 69 -37 -5 63 

<CSI><address>8C:0C:90:01:1E:C8</address><len>384</len>28 -44 -4 63 -128 1 -5 63 89 -37 -5 63 88 -37 -5 63 0 0 0 0 0 0 0 0 -48 114 -5 63 89 -37 -5 63 88 -37 -5 63 116 58 101 -112 59 108 -41 24 101 -112 59 108 -41 0 0 0 -8 -96 73 -99 89 -37 -5 63 88 -37 -5 63 -21 32 -106 -101 0 0 2 4 5 100 4 2 8 10 50 10 52 54 10 -66 34 107 1 3 3 8 0 0 0 -35 1 1 -43 -38 -5 63 80 -37 -5 63 8 -18 -4 63 -31 -38 -5 63 -32 -38 -5 63 -28 -38 -5 63 33 -37 -5 63 80 -37 -5 63 0 0 0 0 -90 0 1 0 -47 -83 -31 4 -12 -45 79 -76 0 -128 -80 111 32 0 2 0 -108 0 0 0 -76 -15 -38 -20 105 -34 -116 12 -112 1 30 -56 5 0 -16 8 31 0 0 0 0 0 0 0 0 0 0 0 45 -37 -5 63 80 -37 -5 63 92 -39 -5 63 57 -37 -5 63 80 -37 -5 63 20 -17 -4 63 69 -37 -5 63 80 -37 -5 63 -20 -17 -4 63 81 -37 -5 63 80 -37 -5 63 -60 -16 -4 63 89 -37 -5 63 88 -37 -5 63 1 0 0 0 0 0 0 0 -1 -1 63 -77 0 0 0 0 -1 -1 63 -77 0 0 0 0 -1 -1 63 -77 0 0 0 0 -1 -1 63 -77 0 0 0 0 1 0 0 0 1 0 0 0 1 0 0 0 -88 23 13 64 -72 -66 0 64 -88 27 8 64 -116 27 8 64 -124 27 8 64 -108 23 13 64 -44 21 13 64 -40 27 8 64 -60 27 8 64 -36 22 13 64 100 23 13 64 76 -43 8 64 -100 26 8 64 -72 -66 0 64 44 27 8 64 48 22 13 64 32 22 13 64 24 27 8 64 -80 81 8 64 -81 -66 -83 -34 2 0 0 0 -48 23 13 64 36 -8 8 64 

<CSI><address>8C:0C:90:01:1E:C8</address><len>384</len>28 -44 -4 63 -128 1 0 0 89 -37 -5 63 88 -37 -5 63 0 -37 -5 63 0 0 0 0 -48 114 -5 63 89 -37 -5 63 88 -37 -5 63 -41 0 0 0 -8 -96 73 -99 89 -37 -5 63 88 -37 -5 63 -21 32 -106 -101 0 0 2 4 5 100 4 2 8 10 50 10 52 54 10 -66 34 107 1 3 3 8 0 0 0 -35 1 1 -43 -38 -5 63 80 -37 -5 63 8 -18 -4 63 -31 -38 -5 63 -32 -38 -5 63 -28 -38 -5 63 33 -37 -5 63 80 -37 -5 63 0 0 0 0 -90 0 1 0 -47 -83 -31 4 -12 -45 79 -76 0 -128 -80 111 32 0 2 0 -108 0 0 0 -76 -15 -38 -20 105 -34 -116 12 -112 1 30 -56 5 0 -16 8 31 0 0 0 0 0 0 0 0 0 0 0 45 -37 -5 63 80 -37 -5 63 92 -39 -5 63 57 -37 -5 63 80 -37 -5 63 20 -17 -4 63 69 -37 -5 63 80 -37 -5 63 -20 -17 -4 63 81 -37 -5 63 80 -37 -5 63 -60 -16 -4 63 89 -37 -5 63 88 -37 -5 63 1 0 0 0 0 0 0 0 -1 -1 63 -77 0 0 0 0 -1 -1 63 -77 0 0 0 0 -1 -1 63 -77 0 0 0 0 -1 -1 63 -77 0 0 0 0 1 0 0 0 1 0 0 0 1 0 0 0 -88 23 13 64 -72 -66 0 64 -88 27 8 64 -116 27 8 64 -124 27 8 64 -108 23 13 64 -44 21 13 64 -40 27 8 64 -60 27 8 64 -36 22 13 64 100 23 13 64 76 -43 8 64 -100 26 8 64 -72 -66 0 64 44 27 8 64 48 22 13 64 32 22 13 64 24 27 8 64 -80 81 8 64 -81 -66 -83 -34 2 0 0 0 -48 23 13 64 36 -8 8 64 60 -8 8 64 -88 23 13 64 -72 -66 0 64 

<CSI><address>8C:0C:90:01:1E:C8</address><len>384</len>-120 -95 -5 63 -128 1 -5 63 89 -37 -5 63 88 -37 -5 63 0 -37 -5 63 0 0 0 0 -48 114 -5 63 89 -37 -5 63 88 -37 -5 63 89 -37 -5 63 88 -37 -5 63 1 0 0 0 0 0 0 0 -1 -1 63 -77 0 0 0 0 -1 -1 63 -77 0 0 0 0 -1 -1 63 -77 0 0 0 0 -1 -1 63 -77 0 0 0 0 1 0 0 0 1 0 0 0 1 0 0 0 -88 23 13 64 -72 -66 0 64 -88 27 8 64 -116 27 8 64 -124 27 8 64 -108 23 13 64 -44 21 13 64 -40 27 8 64 -60 27 8 64 -36 22 13 64 100 23 13 64 76 -43 8 64 -100 26 8 64 -72 -66 0 64 44 27 8 64 48 22 13 64 32 22 13 64 24 27 8 64 -80 81 8 64 -81 -66 -83 -34 2 0 0 0 -48 23 13 64 36 -8 8 64 60 -8 8 64 -88 23 13 64 -72 -66 0 64 -88 27 8 64 -116 27 8 64 -124 27 8 64 -108 23 13 64 -44 21 13 64 -36 22 13 64 100 23 13 64 -120 23 13 64 124 23 13 64 -56 21 13 64 112 27 8 64 100 27 8 64 -72 21 13 64 -28 -45 8 64 56 23 13 64 76 27 8 64 32 23 13 64 8 23 13 64 -80 22 13 64 -76 -45 8 64 92 -42 8 64 -92 -40 8 64 -12 -41 8 64 -100 -41 8 64 -128 22 13 64 92 22 13 64 60 22 13 64 56 -29 8 64 68 -28 8 64 84 26 8 64 -36 -34 8 64 -20 86 19 64 -96 -66 0 64 -72 -66 0 64 52 21 13 64 96 32 8 64 112 23 8 64 120 23 8 64 80 30 13 64 -104 35 13 64 64 20 13 64 56 27 8 64 44 27 8 64 48 22 13 64 32 22 13 64 24 27 8 64 

<CSI><address>8C:0C:90:01:1E:C8</address><len>384</len>-120 -95 -5 63 -128 1 -5 63 89 -37 -5 63 88 -37 -5 63 0 -37 -5 63 0 0 0 0 -48 114 -5 63 88 -37 -5 63 1 0 0 0 0 0 0 0 -1 -1 63 -77 0 0 0 0 -1 -1 63 -77 0 0 0 0 -1 -1 63 -77 0 0 0 0 -1 -1 63 -77 0 0 0 0 1 0 0 0 1 0 0 0 1 0 0 0 -88 23 13 64 -72 -66 0 64 -88 27 8 64 -116 27 8 64 -124 27 8 64 -108 23 13 64 -44 21 13 64 -40 27 8 64 -60 27 8 64 -36 22 13 64 100 23 13 64 76 -43 8 64 -100 26 8 64 -72 -66 0 64 44 27 8 64 48 22 13 64 32 22 13 64 24 27 8 64 -80 81 8 64 -81 -66 -83 -34 2 0 0 0 -48 23 13 64 36 -8 8 64 60 -8 8 64 -88 23 13 64 -72 -66 0 64 -88 27 8 64 -116 27 8 64 -124 27 8 64 -108 23 13 64 -44 21 13 64 -36 22 13 64 100 23 13 64 -120 23 13 64 124 23 13 64 -56 21 13 64 112 27 8 64 100 27 8 64 -72 21 13 64 -28 -45 8 64 56 23 13 64 76 27 8 64 32 23 13 64 8 23 13 64 -80 22 13 64 -76 -45 8 64 92 -42 8 64 -92 -40 8 64 -12 -41 8 64 -100 -41 8 64 -128 22 13 64 92 22 13 64 60 22 13 64 56 -29 8 64 68 -28 8 64 84 26 8 64 -36 -34 8 64 -20 86 19 64 -96 -66 0 64 -72 -66 0 64 52 21 13 64 96 32 8 64 112 23 8 64 120 23 8 64 80 30 13 64 -104 35 13 64 64 20 13 64 56 27 8 64 44 27 8 64 48 22 13 64 32 22 13 64 24 27 8 64 -104 -64 17 64 -16 -64 17 Switching channel to 1 with bandwith [None/above/bellow]=1
64 -80 81 8 64 

<CSI><address>8C:0C:90:01:1E:C8</address><len>384</len>12 108 -4 63 -128 1 103 -9 -19 -13 -4 63 100 60 -3 63 0 35 115 102 0 0 0 0 -48 114 -5 63 -19 -13 -4 63 100 60 -3 63 -48 -7 -64 82 -72 57 2 73 -63 68 -107 12 -48 35 86 -73 -64 -32 -14 -65 -125 68 -81 93 28 -29 -99 68 -55 39 -92 84 -54 -40 67 -33 48 -78 87 78 43 126 106 -89 -7 44 72 51 -102 -10 -71 -94 -42 66 -96 -56 56 78 57 -57 -65 115 5 -110 -61 110 -128 110 -86 -104 -125 23 3 46 -67 93 -16 -25 79 -32 82 -49 -124 -110 -68 -102 -68 -3 113 41 -95 63 -25 -1 21 -101 19 -107 -103 -25 -36 54 49 54 -120 121 84 -123 37 -34 66 -15 14 -15 14 111 -106 53 -116 -100 -68 -98 49 70 72 -110 -119 72 -82 -93 -17 79 65 -40 -37 3 -61 -72 -115 5 19 30 -85 -13 62 -30 62 -3 90 -120 -50 -116 -64 70 -113 99 -85 -34 -43 110 38 -9 36 -106 94 32 -90 -106 114 22 33 -62 22 -28 -78 -20 101 -101 70 120 -113 60 111 114 78 -26 -55 71 -52 -41 -16 109 -12 105 -87 56 121 -18 -105 -15 29 53 39 10 -89 85 59 -100 -112 66 79 -42 -128 -109 16 -114 91 74 -8 -89 -68 -87 113 -98 9 -68 90 4 -13 -101 36 95 -17 -36 -83 79 -17 -83 81 -99 64 -1 14 -16 51 -50 107 -15 -49 27 33 32 -15 -36 -110 30 -107 -5 -105 57 90 -16 -40 -93 38 27 -27 107 50 113 63 31 103 -70 -106 -38 122 51 -55 -73 10 -20 4 79 32 -10 68 -45 78 -78 -124 -115 80 -48 -50 123 0 20 -17 -22 -79 57 75 -64 -108 49 -32 -68 34 -54 -27 -81 -88 42 3 -124 -60 44 -94 -26 -52 13 55 -110 -46 85 50 -104 6 9 -80 -15 -45 -32 29 -56 57 -103 -50 32 69 114 -64 54 -87 -68 58 -29 

<CSI><address>8C:0C:90:01:1E:C8</address><len>384</len>16 -122 -4 63 -128 1 36 8 -19 -13 -4 63 -16 65 -3 63 0 -69 -67 -14 0 0 0 0 -48 114 -5 63 -19 -13 -4 63 -16 65 -3 63 -43 83 -30 -73 28 31 -38 87 -1 -15 3 -69 -100 73 -30 -17 -46 111 104 -13 -105 -116 -9 -5 -26 112 125 -61 108 -50 -65 -73 14 -84 30 114 -98 -23 -35 105 -30 11 32 -56 -23 -24 -102 79 96 -108 38 -4 14 43 -88 8 -99 -21 110 -96 -38 -114 5 -91 -66 -70 26 80 48 -16 -11 -116 -100 -63 -76 110 89 -51 98 114 95 101 54 125 20 -15 83 -64 64 30 -89 49 -39 113 82 -79 38 -41 -51 32 -37 -15 18 41 123 -63 47 -9 114 -91 -49 40 28 52 -12 -29 23 -103 -110 99 -72 -21 -18 -50 -84 38 -28 -91 -108 55 -122 -66 -128 -6 -24 -92 105 92 -99 19 -119 -55 27 66 24 33 -87 -25 -87 -25 28 34 -36 119 68 3 58 63 16 13 42 -119 99 6 -62 35 -99 -106 52 83 -56 78 -50 -42 -92 25 -118 -44 -5 -20 -67 -92 -13 29 -17 -66 -83 -34 120 -7 -4 63 16 75 114 -126 4 -96 119 31 -90 2 1 24 -5 37 -20 4 -12 -37 63 -80 0 -128 17 122 108 -59 86 0 -120 10 48 0 -76 -15 -38 -20 105 -34 -116 12 -112 1 30 -56 0 12 41 -85 -74 -12 64 8 0 0 -86 -86 3 0 0 0 8 0 69 0 5 70 -60 29 0 0 122 6 14 75 -84 -39 -88 10 10 -96 9 -58 1 -69 -107 -96 73 -99 -12 -46 8 -60 113 97 -128 16 0 -1 -65 -76 0 0 1 1 8 10 50 10 54 -34 10 -66 35 42 23 3 3 5 13 0 0 0 0 0 0 0 27 19 -20 43 -119 -68 -91 16 -6 -44 52 -54 67 -49 -107 84 80 11 -35 -37 -82 115 94 -78 -40 124 92 -128 -121 85 

<CSI><address>8C:0C:90:01:1E:C8</address><len>384</len>16 -122 -4 63 -128 1 -67 -14 -19 -13 -4 63 124 71 -3 63 0 -13 -4 63 0 0 0 0 -48 114 -5 63 -19 -13 -4 63 124 71 -3 63 -100 73 -30 -17 -46 111 104 -13 -105 -116 -9 -5 -26 112 125 -61 108 -50 -65 -73 14 -84 30 114 -98 -23 -35 105 -30 11 32 -56 -23 -24 -102 79 96 -108 38 -4 14 43 -88 8 -99 -21 110 -96 -38 -114 5 -91 -66 -70 26 80 48 -16 -11 -116 -100 -63 -76 110 89 -51 98 114 95 101 54 125 20 -15 83 -64 64 30 -89 49 -39 113 82 -79 38 -41 -51 32 -37 -15 18 41 123 -63 47 -9 114 -91 -49 40 28 52 -12 -29 23 -103 -110 99 -72 -21 -18 -50 -84 38 -28 -91 -108 55 -122 -66 -128 -6 -24 -92 105 92 -99 19 -119 -55 27 66 24 33 -87 -25 -87 -25 28 34 -36 119 68 3 58 63 16 13 42 -119 99 6 -62 35 -99 -106 52 83 -56 78 -50 -42 -92 25 -118 -44 -5 -20 -67 -92 -13 29 -17 -66 -83 -34 120 -7 -4 63 16 75 114 -126 4 -96 119 31 -90 2 1 24 -5 37 -20 4 -12 -37 63 -80 0 -128 17 122 108 -59 86 0 -120 10 48 0 -76 -15 -38 -20 105 -34 -116 12 -112 1 30 -56 0 12 41 -85 -74 -12 64 8 0 0 -86 -86 3 0 0 0 8 0 69 0 5 70 -60 29 0 0 122 6 14 75 -84 -39 -88 10 10 -96 9 -58 1 -69 -107 -96 73 -99 -12 -46 8 -60 113 97 -128 16 0 -1 -65 -76 0 0 1 1 8 10 50 10 54 -34 10 -66 35 42 23 3 3 5 13 0 0 0 0 0 0 0 27 19 -20 43 -119 -68 -91 16 -6 -44 52 -54 67 -49 -107 84 80 11 -35 -37 -82 115 94 -78 -40 124 92 -128 -121 85 -126 -39 27 18 -77 81 37 65 -65 -124 81 5 

Switching channel to 1 with bandwith [None/above/bellow]=1
Switching channel to 1 with bandwith [None/above/bellow]=1
Switching channel to 1 with bandwith [None/above/bellow]=1
Switching channel to 1 with bandwith [None/above/bellow]=1
Switching channel to 1 with bandwith [None/above/bellow]=1
Switching channel to 1 with bandwith [None/above/bellow]=1
<CSI><address>8C:0C:90:01:1E:C8</address><len>384</len>-32 -78 -5 63 -128 1 -14 5 89 -37 -5 63 88 -37 -5 63 0 0 28 -128 0 0 0 0 -48 114 -5 63 89 -37 -5 63 88 -37 -5 63 100 52 -100 -58 -118 -115 79 -64 -65 0 1 -128 1 0 0 0 120 0 4 10 -96 11 42 -64 12 0 47 -128 1 0 0 17 -108 0 9 -64 12 0 5 0 0 -128 0 64 -64 -65 0 47 -128 1 0 0 0 120 0 8 -64 -65 0 4 64 0 0 8 0 0 41 5 -96 0 0 17 -108 0 18 0 4 0 14 0 116 58 101 -112 59 108 -41 24 101 -112 59 108 -41 0 0 0 29 30 -5 63 89 -37 -5 63 88 -37 -5 63 41 -37 -5 63 64 -37 -5 63 -36 37 -3 63 53 -37 -5 63 64 -37 -5 63 104 43 -3 63 65 -37 -5 63 64 -37 -5 63 -12 48 -3 63 89 -37 -5 63 88 -37 -5 63 0 -37 -5 63 0 0 0 0 -48 114 -5 63 88 -37 -5 63 1 0 0 0 0 0 0 0 -1 -1 63 -77 0 0 0 0 -1 -1 63 -77 0 0 0 0 -1 -1 63 -77 0 0 0 0 -1 -1 63 -77 0 0 0 0 1 0 0 0 1 0 0 0 1 0 0 0 -88 23 13 64 -72 -66 0 64 -88 27 8 64 -116 27 8 64 -124 27 8 64 -108 23 13 64 -44 21 13 64 -40 27 8 64 -60 27 8 64 -36 22 13 64 100 23 13 64 76 -43 8 64 -100 26 8 64 -72 -66 0 64 44 27 8 64 48 22 13 64 32 22 13 64 24 27 8 64 -80 81 8 64 -81 -66 -83 -34 2 0 0 0 -48 23 13 64 36 -8 8 64 60 -8 8 64 -88 23 13 64 -72 -66 0 64 -88 27 8 64 -116 27 8 64 -124 27 8 64 -108 23 13 64 -44 21 13 64 -36 22 13 64 

Switching channel to 1 with bandwith [None/above/bellow]=1
Switching channel to 1 with bandwith [None/above/bellow]=1
Switching channel to 1 with bandwith [None/above/bellow]=1
Switching channel to 1 with bandwith [None/above/bellow]=1
Switching channel to 1 with bandwith [None/above/bellow]=1
Switching channel to 1 with bandwith [None/above/bellow]=1
Switching channel to 1 with bandwith [None/above/bellow]=1
Switching channel to 1 with bandwith [None/above/bellow]=1
Switching channel to 1 with bandwith [None/above/bellow]=1
Switching channel to 1 with bandwith [None/above/bellow]=1
Switching channel to 1 with bandwith [None/above/bellow]=1
Switching channel to 1 with bandwith [None/above/bellow]=1
Switching channel to 1 with bandwith [None/above/bellow]=1
<CSI><address>8C:0C:90:01:1E:C8</address><len>384</len>20 -96 -4 63 -128 1 -1 -1 89 -37 -5 63 88 -37 -5 63 0 -37 -5 63 0 0 0 0 -48 114 -5 63 89 -37 -5 63 88 -37 -5 63 13 -37 -5 63 89 -37 -5 63 88 -37 -5 63 50 45 98 55 55 56 50 55 53 101 56 52 49 98 13 10 78 84 83 58 32 115 115 100 112 58 97 108 105 118 101 13 10 83 69 82 86 69 82 58 32 66 111 115 101 45 83 111 102 116 119 97 114 101 47 53 46 52 48 32 85 80 110 80 47 49 46 49 32 83 111 117 110 100 84 111 117 99 104 32 77 117 115 105 99 32 83 101 114 118 101 114 47 50 46 48 13 10 85 83 78 58 32 117 117 105 100 58 52 55 51 99 99 97 100 51 45 57 49 48 100 45 52 101 52 51 45 57 53 49 50 45 98 55 55 56 50 55 53 101 56 52 49 98 13 10 66 79 79 84 73 68 46 85 80 78 80 46 79 82 71 58 32 49 53 53 52 49 53 55 51 57 51 13 10 67 79 78 70 73 71 73 68 46 85 80 78 80 46 79 82 71 58 32 49 13 10 13 10 0 82 -99 98 63 88 -37 -5 63 1 0 0 0 0 0 0 0 -1 -1 63 -77 0 0 0 0 -1 -1 63 -77 0 0 0 0 -1 -1 63 -77 0 0 0 0 -1 -1 63 -77 0 0 0 0 1 0 0 0 1 0 0 0 1 0 0 0 -88 23 13 64 -72 -66 0 64 -88 27 8 64 -116 27 8 64 -124 27 8 64 -108 23 13 64 -44 21 13 64 -40 27 8 64 -60 27 8 64 -36 22 13 64 100 23 13 64 76 -43 8 64 -100 26 8 64 -72 -66 0 64 44 27 8 64 48 22 13 64 32 22 13 64 24 27 8 64 -80 81 8 64 

<CSI><address>8C:0C:90:01:1E:C8</address><len>384</len>-28 -52 -5 63 -128 1 5 0 89 -37 -5 63 88 -37 -5 63 0 -103 -116 12 0 0 0 0 -48 114 -5 63 89 -37 -5 63 88 -37 -5 63 3 0 0 0 8 0 69 0 0 52 -92 122 64 0 39 6 41 -16 18 -51 93 0 10 -96 10 -19 0 22 -30 -90 97 117 -96 39 -48 -47 -75 -90 -128 16 0 -25 -3 -94 0 0 1 1 8 10 18 -88 58 19 -95 -26 -103 101 0 0 0 0 46 48 89 -37 -5 63 88 -37 -5 63 0 0 0 0 -89 0 1 -84 45 114 32 6 -121 -3 11 18 0 0 112 121 78 -32 4 0 8 2 0 0 -1 -1 -1 -1 -1 -1 -116 12 -112 1 30 -56 -32 -57 103 90 -91 112 48 44 -86 -86 3 0 0 0 8 6 0 1 8 0 6 4 0 1 -32 -57 103 90 -91 112 10 -96 13 -102 0 0 0 0 0 0 -87 -2 -1 -1 0 0 0 0 0 0 0 0 0 0 0 0 0 0 0 0 18 35 -5 63 1 0 0 0 0 0 0 0 -1 -1 63 -77 0 0 0 0 -1 -1 63 -77 0 0 0 0 -1 -1 63 -77 0 0 0 0 -1 -1 63 -77 0 0 0 0 1 0 0 0 1 0 0 0 1 0 0 0 -88 23 13 64 -72 -66 0 64 -88 27 8 64 -116 27 8 64 -124 27 8 64 -108 23 13 64 -44 21 13 64 -40 27 8 64 -60 27 8 64 -36 22 13 64 100 23 13 64 76 -43 8 64 -100 26 8 64 -72 -66 0 64 44 27 8 64 48 22 13 64 32 22 13 64 24 27 8 64 -80 81 8 64 -81 -66 -83 -34 2 0 0 0 -48 23 13 64 36 -8 8 64 60 -8 8 64 -88 23 13 64 -72 -66 0 64 -88 27 8 64 -116 27 8 64 -124 27 8 64 -108 23 13 64 

<CSI><address>8C:0C:90:01:1E:C8</address><len>384</len>12 108 -4 63 -128 1 -80 -95 -7 -1 -3 63 -8 -1 -3 63 -50 -94 -128 -123 0 0 0 0 100 0 49 4 0 16 81 117 97 110 116 105 115 45 76 97 117 115 97 110 110 101 1 8 -126 -124 11 22 36 48 72 108 3 1 1 5 4 0 1 0 0 42 1 0 50 4 12 18 24 96 48 20 1 0 0 15 -84 4 1 0 0 15 -84 4 1 0 0 15 -84 2 40 0 11 5 1 0 91 2 83 45 26 -83 17 27 -1 -1 0 0 0 0 0 0 0 0 0 0 0 0 0 0 0 0 0 0 0 0 0 61 22 1 8 21 0 0 0 0 0 0 0 0 0 0 0 0 0 0 0 0 0 0 0 74 14 20 0 10 0 44 1 -56 0 20 0 5 0 25 0 127 8 5 0 8 0 0 64 0 64 -35 7 0 11 -122 1 4 8 18 -35 24 0 80 -14 2 1 1 -124 0 3 -92 0 0 39 -92 0 0 66 67 94 0 98 50 47 0 51 57 51 13 13 -16 -4 63 -92 -9 -4 63 0 0 0 0 -89 0 1 -90 -120 58 33 6 29 -3 16 13 0 0 32 102 -31 16 14 0 -128 0 0 0 -1 -1 -1 -1 -1 -1 98 -29 39 -71 5 -72 98 -29 39 -71 5 -72 -32 33 -128 -71 124 85 -86 2 0 0 100 0 49 20 0 16 67 121 98 101 114 104 97 118 101 110 45 103 117 101 115 116 1 8 -126 -124 -117 -106 12 18 24 36 3 1 1 5 4 0 2 0 0 7 6 117 115 32 1 11 30 42 1 0 50 4 48 72 96 108 48 20 1 0 0 15 -84 4 1 0 0 15 -84 4 1 0 0 15 -84 2 12 0 70 5 114 0 0 0 0 45 26 -19 17 27 -1 -1 -1 0 0 0 0 0 

Switching channel to 1 with bandwith [None/above/bellow]=1
<CSI><address>8C:0C:90:01:1E:C8</address><len>384</len>16 -122 -4 63 -128 1 -1 -1 89 -37 -5 63 88 -37 -5 63 0 -37 -5 63 0 0 0 0 -48 114 -5 63 89 -37 -5 63 88 -37 -5 63 72 -37 -5 63 89 -37 -5 63 88 -37 -5 63 0 0 58 49 89 -37 -5 63 88 -37 -5 63 0 0 0 0 -89 0 1 74 78 87 54 6 -11 -41 47 -76 0 -128 -16 111 6 97 16 0 -116 12 -112 1 30 -56 1 68 56 -60 -5 63 -128 0 56 65 89 -37 -5 63 88 -37 -5 63 0 85 83 66 0 0 0 0 -112 114 -5 63 89 -37 -5 63 88 -37 -5 63 89 -37 -5 63 88 -37 -5 63 55 55 55 55 48 57 53 54 44 32 49 49 56 57 50 57 54 56 53 53 44 32 49 49 53 54 54 49 50 55 51 44 32 49 51 52 53 54 51 52 53 51 55 44 32 54 52 50 50 54 54 57 56 54 44 32 49 48 55 54 49 56 50 55 54 52 44 32 49 50 50 50 54 51 49 52 57 44 32 49 49 52 50 53 50 54 49 57 51 93 125 0 -63 -71 34 0 89 -37 -5 63 88 -37 -5 63 8 -18 -4 63 89 -37 -5 63 88 -37 -5 63 92 -39 -5 63 1 0 0 0 0 0 0 0 -1 -1 63 -77 0 0 0 0 -1 -1 63 -77 0 0 0 Switching channel to 1 with bandwith [None/above/bellow]=1
0 -1 -1 63 -77 0 0 0 0 -1 -1 63 -77 0 0 0 0 1 0 0 0 1 0 0 0 1 0 0 0 -88 23 13 64 -72 -66 0 64 -88 27 8 64 -116 27 8 64 -124 27 8 64 -108 23 13 64 -44 21 13 64 -40 27 8 64 -60 27 8 64 -36 22 13 64 100 23 13 64 76 -43 8 64 -100 26 8 64 -72 -66 0 64 44 27 8 64 48 22 13 64 32 22 13 64 24 27 8 64 -80 81 8 64 

<CSI><address>8C:0C:90:01:1E:C8</address><len>384</len>16 -122 -4 63 -128 1 49 52 89 -37 -5 63 88 -37 -5 63 50 54 49 57 51 93 125 0 -63 -71 34 0 89 -37 -5 63 88 -37 -5 63 8 -18 -4 63 89 -37 -5 63 88 -37 -5 63 92 -39 -5 63 1 0 0 0 0 0 0 0 -1 -1 63 -77 0 0 0 0 -1 -1 63 -77 0 0 0 0 -1 -1 63 -77 0 0 0 0 -1 -1 63 -77 0 0 0 0 1 0 0 0 1 0 0 0 1 0 0 0 -88 23 13 64 -72 -66 0 64 -88 27 8 64 -116 27 8 64 -124 27 8 64 -108 23 13 64 -44 21 13 64 -40 27 8 64 -60 27 8 64 -36 22 13 64 100 23 13 64 76 -43 8 64 -100 26 8 64 -72 -66 0 64 44 27 8 64 48 22 13 64 32 22 13 64 24 27 8 64 -80 81 8 64 -81 -66 -83 -34 2 0 0 0 -48 23 13 64 36 -8 8 64 60 -8 8 64 -88 23 13 64 -72 -66 0 64 -88 27 8 64 -116 27 8 64 -124 27 8 64 -108 23 13 64 -44 21 13 64 -36 22 13 64 100 23 13 64 -120 23 13 64 124 23 13 64 -56 21 13 64 112 27 8 64 100 27 8 64 -72 21 13 64 -28 -45 8 64 56 23 13 64 76 27 8 64 32 23 13 64 8 23 13 64 -80 22 13 64 -76 -45 8 64 92 -42 8 64 -92 -40 8 64 -12 -41 8 64 -100 -41 8 64 -128 22 13 64 92 22 13 64 60 22 13 64 56 -29 8 64 68 -28 8 64 84 26 8 64 -36 -34 8 64 -20 86 19 64 -96 -66 0 64 -72 -66 0 64 52 21 13 64 96 32 8 64 112 23 8 64 120 23 8 64 80 30 13 64 -104 35 13 64 64 20 13 64 56 27 8 64 44 27 8 64 48 22 13 64 

Switching channel to 1 with bandwith [None/above/bellow]=1
Switching channel to 1 with bandwith [None/above/bellow]=1
Switching channel to 1 with bandwith [None/above/bellow]=1
Switching channel to 1 with bandwith [None/above/bellow]=1
<CSI><address>8C:0C:90:01:1E:C8</address><len>384</len>-60 -62 -4 63 -128 1 0 0 89 -37 -5 63 88 -37 -5 63 0 55 44 32 0 0 0 0 -48 114 -5 63 89 -37 -5 63 88 -37 -5 63 0 0 0 0 44 -37 -5 63 89 -37 -5 63 88 -37 -5 63 -69 -73 30 -93 -55 -125 -103 36 54 23 -58 99 -35 118 -127 -66 -45 -81 116 27 -94 26 -25 -4 -11 41 104 -22 10 62 -64 123 -27 -15 -38 -84 -28 -105 -96 -86 -88 -74 -36 -41 7 -58 -14 -58 78 88 -93 -26 -97 -119 7 -24 -40 -71 -13 103 -56 51 -51 -50 89 -37 -5 63 88 -37 -5 63 93 0 10 -96 10 -19 0 22 -30 -90 97 117 -88 67 -48 -47 -65 -73 -128 16 1 82 -30 -115 0 0 1 1 8 10 18 -88 59 -58 -95 -26 -96 47 -5 63 88 -37 54 49 45 -37 -5 63 80 -37 -5 63 0 0 0 0 -89 0 1 68 42 3 59 6 -9 -29 95 -72 0 -128 80 111 14 -32 0 0 -44 0 12 0 -24 -79 -4 67 -56 -103 0 0 -112 1 49 52 57 -37 -5 63 80 -37 -5 63 -100 -17 -4 63 69 -37 -5 63 80 -37 -5 63 -72 -16 -4 63 81 -37 -5 63 80 -37 -5 63 -68 -15 -4 63 89 -37 -5 63 88 -37 -5 63 1 0 0 0 0 0 0 0 -1 -1 63 -77 0 0 0 0 -1 -1 63 -77 0 0 0 0 -1 -1 63 -77 0 0 0 0 -1 -1 63 -77 0 0 0 0 1 0 0 0 1 0 0 0 1 0 0 0 -88 23 13 64 -72 -66 0 64 -88 27 8 64 -116 27 8 64 -124 27 8 64 -108 23 13 64 -44 21 13 64 -40 27 8 64 -60 27 8 64 -36 22 13 64 100 23 13 64 76 -43 8 64 -100 26 8 64 -72 -66 0 64 44 27 8 64 48 22 13 64 32 22 13 64 24 27 8 64 

Switching channel to 1 with bandwith [None/above/bellow]=1
<CSI><address>8C:0C:90:01:1E:C8</address><len>384</len>-120 -95 -5 63 -128 1 -1 0 89 -37 -5 63 88 -37 -5 63 0 0 0 0 0 0 0 0 -48 114 -5 63 89 -37 -5 63 88 -37 -5 63 98 -1 -121 6 -10 -29 95 -72 0 -128 -15 121 86 96 5 0 -120 2 48 0 -24 -79 -4 67 -56 -103 -116 12 -112 1 30 -56 0 12 41 -85 -74 -12 -112 36 6 0 -86 -86 3 0 0 0 8 0 69 0 0 48 0 0 64 0 59 17 -43 12 -84 -39 -88 74 10 -96 10 -19 1 -69 -44 -38 0 28 -16 -15 0 6 -90 -120 88 46 -98 -105 17 19 -78 -128 -70 15 110 -128 -57 -72 124 76 0 0 0 0 -48 -47 89 -37 -5 63 88 -37 -5 63 0 0 1 1 8 10 18 -88 59 -58 -95 -26 -96 47 -5 63 88 -37 54 49 45 -37 -5 63 80 -37 -5 63 0 0 0 0 -89 0 1 68 42 3 59 6 -9 -29 95 -72 0 -128 80 111 14 -32 0 0 -44 0 12 0 -24 -79 -4 67 -56 -103 0 0 -112 1 49 52 57 -37 -5 63 80 -37 -5 63 -100 -17 -4 63 69 -37 -5 63 80 -37 -5 63 -72 -16 -4 63 81 -37 -5 63 80 -37 -5 63 -68 -15 -4 63 89 -37 -5 63 88 -37 -5 63 1 0 0 0 0 0 0 0 -1 -1 63 -77 0 0 0 0 -1 -1 63 -77 0 0 0 0 -1 -1 63 -77 0 0 0 0 -1 -1 63 -77 0 0 0 0 1 0 0 0 1 0 0 0 1 0 0 0 -88 23 13 64 -72 -66 0 64 -88 27 8 64 -116 27 8 64 -124 27 8 64 -108 23 13 64 -44 21 13 64 -40 27 8 64 -60 27 8 64 -36 22 13 64 100 23 13 64 76 -43 8 64 -100 26 8 64 -72 -66 0 64 44 27 8 64 48 22 13 64 32 22 13 64 24 27 8 64 

<CSI><address>8C:0C:90:01:1E:C8</address><len>384</len>-68 -114 -4 63 -128 1 0 -35 89 -37 -5 63 88 -37 -5 63 0 -1 -1 -1 0 0 0 0 -48 114 -5 63 89 -37 -5 63 88 -37 -5 63 -1 0 0 -1 -1 -1 -1 0 0 0 0 0 89 -37 -5 63 88 -37 -5 63 -43 12 -84 -39 -88 74 10 -96 10 -19 1 -69 -82 -53 0 28 -123 39 0 9 -29 85 30 103 121 58 122 -65 69 -91 -101 26 56 27 11 -43 68 -25 0 0 0 0 0 0 -67 -38 -5 63 -32 -38 -5 63 8 -18 -4 63 -55 -38 -5 63 -32 -38 -5 63 -28 -18 -4 63 -43 -38 -5 63 -32 -38 -5 63 -4 -17 -4 63 -31 -38 -5 63 -32 -38 -5 63 0 -15 -4 63 89 -37 -5 63 88 -37 -5 63 0 0 1 1 8 10 18 -88 59 -58 -95 -26 -96 47 -5 63 88 -37 54 49 45 -37 -5 63 80 -37 -5 63 0 0 0 0 -89 0 1 68 42 3 59 6 -9 -29 95 -72 0 -128 80 111 14 -32 0 0 -44 0 12 0 -24 -79 -4 67 -56 -103 0 0 -112 1 49 52 57 -37 -5 63 80 -37 -5 63 -100 -17 -4 63 69 -37 -5 63 80 -37 -5 63 -72 -16 -4 63 81 -37 -5 63 80 -37 -5 63 -68 -15 -4 63 89 -37 -5 63 88 -37 -5 63 1 0 0 0 0 0 0 0 -1 -1 63 -77 0 0 0 0 -1 -1 63 -77 0 0 0 0 -1 -1 63 -77 0 0 0 0 -1 -1 63 -77 0 0 0 0 1 0 0 0 1 0 0 0 1 0 0 0 -88 23 13 64 -72 -66 0 64 -88 27 8 64 -116 27 8 64 -124 27 8 64 -108 23 13 64 -44 21 13 64 -40 27 8 64 -60 27 8 64 -36 22 13 64 100 23 13 64 76 -43 8 64 -100 26 8 64 -72 -66 0 64 44 27 8 64 48 22 13 64 

<CSI><address>8C:0C:90:01:1E:C8</address><len>384</len>-64 -88 -4 63 -128 1 -5 63 1 0 0 0 0 0 0 0 -1 -1 63 -77 0 0 0 0 -1 -1 63 -77 0 0 0 0 -1 -1 63 -77 0 0 0 0 -1 -1 63 -77 0 0 0 0 1 0 0 0 1 0 0 0 1 0 0 0 -88 23 13 64 -72 -66 0 64 -88 27 8 64 -116 27 8 64 -124 27 8 64 -108 23 13 64 -44 21 13 64 -40 27 8 64 -60 27 8 64 -36 22 13 64 100 23 13 64 76 -43 8 64 -100 26 8 64 -72 -66 0 64 44 27 8 64 48 22 13 64 32 22 13 64 24 27 8 64 -80 81 8 64 -81 -66 -83 -34 2 0 0 0 -48 23 13 64 36 -8 8 64 60 -8 8 64 -88 23 13 64 -72 -66 0 64 -88 27 8 64 -116 27 8 64 -124 27 8 64 -108 23 13 64 -44 21 13 64 -36 22 13 64 100 23 13 64 -120 23 13 64 124 23 13 64 -56 21 13 64 112 27 8 64 100 27 8 64 -72 21 13 64 -28 -45 8 64 56 23 13 64 76 27 8 64 32 23 13 64 8 23 13 64 -80 22 13 64 -76 -45 8 64 92 -42 8 64 -92 -40 8 64 -12 -41 8 64 -100 -41 8 64 -128 22 13 64 92 22 13 64 60 22 13 64 56 -29 8 64 68 -28 8 64 84 26 8 64 -36 -34 8 64 -20 86 19 64 -96 -66 0 64 -72 -66 0 64 52 21 13 64 96 32 8 64 112 23 8 64 120 23 8 64 80 30 13 64 -104 35 13 64 64 20 13 64 56 27 8 64 44 27 8 64 48 22 13 64 32 22 13 64 24 27 8 64 -104 -64 17 64 -16 -64 17 64 -80 81 8 64 -68 86 17 64 -104 87 17 64 -48 86 17 64 -88 87 17 64 -28 86 17 64 -72 87 17 64 

<CSI><address>8C:0C:90:01:1E:C8</address><len>384</len>-68 -114 -4 63 -128 1 0 23 -7 -1 -3 63 -8 -1 -3 63 0 -17 13 89 0 0 0 0 -48 114 -5 63 -7 -1 -3 63 -8 -1 -3 63 14 -111 -14 -29 -112 49 -118 -62 115 115 51 64 111 80 6 -47 64 50 -84 -41 -30 -12 80 -44 -66 120 86 9 110 -39 114 114 -54 48 120 62 -43 95 7 41 10 16 -56 48 55 -74 82 17 -93 -60 71 75 -107 -58 63 52 106 -100 102 -89 -48 127 18 -36 -12 0 3 71 22 108 28 93 -112 64 -9 97 31 6 -38 75 -28 -101 23 44 -99 -96 104 36 12 -111 -5 29 92 12 -52 21 -18 43 99 60 77 -15 0 -33 -29 91 -40 -13 -2 -77 -40 -115 -37 32 -126 -53 -57 40 61 -109 -113 90 -8 97 -62 -35 -102 -13 -4 -10 -60 -11 -11 2 -50 -96 -124 -100 98 -51 -106 -126 67 -23 -27 -12 -19 92 -44 -108 82 111 -124 -113 96 61 18 -39 61 -83 16 46 -81 63 18 -107 -64 -90 -81 47 3 68 -54 3 -41 -56 -75 -7 -62 102 -83 -53 110 13 0 -101 -42 -33 35 -95 -28 -17 61 -45 10 -51 63 102 -86 -93 52 -31 112 123 -33 -65 -123 26 -85 -74 119 12 5 123 80 5 -7 -65 108 -91 58 23 53 48 80 99 84 80 -31 -81 115 95 99 28 50 -93 78 -90 -17 -49 113 34 -58 -105 -13 -72 90 -61 99 111 16 -60 -9 -95 -56 -37 86 -35 56 23 85 53 -12 -106 116 4 82 96 11 -62 -121 -34 -72 -31 -77 24 82 -15 -63 62 69 71 -122 -30 -31 7 -105 -52 5 54 111 118 -61 -76 123 -127 25 117 -115 -122 -88 -29 121 3 -114 99 -84 11 99 -92 31 -89 -89 65 -16 61 54 -21 9 -83 119 -64 83 32 116 92 23 28 24 -49 -4 109 -123 90 -69 127 -12 -1 107 -92 19 -50 124 -5 0 65 -83 -13 

Switching channel to 1 with bandwith [None/above/bellow]=1
<CSI><address>8C:0C:90:01:1E:C8</address><len>384</len>100 125 -4 63 -128 1 0 17 89 -37 -5 63 88 -37 -5 63 0 111 107 32 0 0 0 0 -48 114 -5 63 89 -37 -5 63 88 -37 -5 63 12 0 0 41 5 -96 0 0 17 -108 0 18 0 4 0 14 0 7 106 75 -86 0 -50 55 72 75 -86 0 -50 55 0 0 97 114 -126 -83 89 -37 -5 63 88 -37 -5 63 3 0 0 0 8 6 0 1 8 0 6 4 0 1 -116 -87 -126 -83 -119 38 10 -96 8 115 -16 24 -104 117 79 -1 10 -96 12 47 0 0 0 0 0 0 0 0 0 0 0 0 0 0 80 -14 2 1 41 -37 -5 63 88 -37 -5 63 92 -39 -5 63 53 -37 -5 63 88 -37 -5 63 -44 -18 -4 63 65 -37 -5 63 88 -37 -5 63 8 -18 -4 63 77 -37 -5 63 88 -37 -5 63 68 -17 -4 63 89 -37 -5 63 88 -37 -5 63 -76 -17 -4 63 1 0 0 0 0 0 0 0 -1 -1 63 -77 0 0 0 0 -1 -1 63 -77 0 0 0 0 -1 -1 63 -77 0 0 0 0 -1 -1 63 -77 0 0 0 0 1 0 0 0 1 0 0 0 1 0 0 0 -88 23 13 64 -72 -66 0 64 -88 27 8 64 -116 27 8 64 -124 27 8 64 -108 23 13 64 -44 21 13 64 -40 27 8 64 -60 27 8 64 -36 22 13 64 100 23 13 64 76 -43 8 64 -100 26 8 64 -72 -66 0 64 44 27 8 64 48 22 13 64 32 22 13 64 24 27 8 64 -80 81 8 64 -81 -66 -83 -34 2 0 0 0 -48 23 13 64 36 -8 8 64 60 -8 8 64 -88 23 13 64 -72 -66 0 64 -88 27 8 64 -116 27 8 64 -124 27 8 64 -108 23 13 64 -44 21 13 64 -36 22 13 64 100 23 13 64 -120 23 13 64 124 23 13 64 

Switching channel to 1 with bandwith [None/above/bellow]=1
<CSI><address>8C:0C:90:01:1E:C8</address><len>384</len>56 -60 -5 63 -128 1 -5 63 89 -37 -5 63 88 -37 -5 63 0 1 1 70 0 0 0 0 -48 114 -5 63 89 -37 -5 63 88 -37 -5 63 -120 2 48 0 -24 -79 -4 67 -56 -103 -116 12 -112 1 30 -56 0 12 41 -85 -74 -12 0 35 0 0 -86 -86 3 0 0 0 8 0 69 0 0 115 7 -41 64 0 44 6 103 52 3 120 -58 117 10 -96 10 -19 1 -69 -87 38 -80 69 121 -92 -51 59 -83 -109 -128 24 0 8 -118 105 0 0 1 1 8 10 62 81 107 106 27 21 99 -23 23 3 3 0 58 32 115 7 77 81 -14 11 2 -24 103 -124 87 -67 -111 25 -37 96 14 101 80 -67 66 113 72 92 -125 -101 -68 -117 -108 -100 33 -69 104 35 -46 -98 -54 -99 -54 8 112 121 -76 63 86 -27 -16 -106 68 -53 68 -101 73 79 8 70 104 77 97 99 66 -37 -5 63 69 -37 -5 63 80 -37 -5 63 92 -39 -5 63 81 -37 -5 63 80 -37 -5 63 -116 -39 -5 63 89 -37 -5 63 88 -37 -5 63 1 0 0 0 0 0 0 0 -1 -1 63 -77 0 0 0 0 -1 -1 63 -77 0 0 0 0 -1 -1 63 -77 0 0 0 0 -1 -1 63 -77 0 0 0 0 1 0 0 0 1 0 0 0 1 0 0 0 -88 23 13 64 -72 -66 0 64 -88 27 8 64 -116 27 8 64 -124 27 8 64 -108 23 13 64 -44 21 13 64 -40 27 8 64 -60 27 8 64 -36 22 13 64 100 23 13 64 76 -43 8 64 -100 26 8 64 -72 -66 0 64 44 27 8 64 48 22 13 64 32 22 13 64 24 27 8 64 -80 81 8 64 -81 -66 -83 -34 2 0 0 0 -48 23 13 64 36 -8 8 64 60 -8 8 64 -88 23 13 64 -72 -66 0 64 -88 27 8 64 

Switching channel to 1 with bandwith [None/above/bellow]=1
<CSI><address>8C:0C:90:01:1E:C8</address><len>384</len>-56 -36 -4 63 -128 1 -1 0 89 -37 -5 63 88 -37 -5 63 0 1 1 -124 0 0 0 0 -48 114 -5 63 89 -37 -5 63 88 -37 -5 63 0 0 0 0 5 -37 -5 63 89 -37 -5 63 88 -37 -5 63 0 0 0 0 41 -37 -5 63 88 -37 -5 63 4 126 0 31 -89 1 1 78 -89 -86 -75 6 -11 -41 95 -72 0 -128 49 121 122 -96 7 0 -120 10 48 0 -24 -79 -4 67 -56 -103 -116 12 -112 1 30 -56 0 12 41 -85 -74 -12 16 35 0 0 -86 -86 3 0 0 0 8 0 69 0 0 84 32 -121 64 0 -26 6 -78 57 34 -2 -119 88 10 -96 10 -19 1 -69 -49 -50 -100 71 118 14 -66 -79 -103 38 -128 24 0 120 19 71 0 0 1 1 8 10 -21 -34 -4 18 45 47 97 -55 23 3 3 0 27 81 -39 -114 -51 70 -122 -8 -72 112 73 79 -69 -91 -18 -5 77 70 -16 55 30 34 30 -121 65 -108 35 17 1 4 8 18 -16 -106 89 -37 -5 63 88 -37 -5 63 0 0 0 0 -89 0 1 44 -23 106 -74 6 -11 -41 111 -64 0 -128 -16 111 14 -32 0 0 -44 0 0 0 48 7 77 -31 9 55 0 0 0 0 -5 63 1 0 0 0 0 0 0 0 -1 -1 63 -77 0 0 0 0 -1 -1 63 -77 0 0 0 0 -1 -1 63 -77 0 0 0 0 -1 -1 63 -77 0 0 0 0 1 0 0 0 1 0 0 0 1 0 0 0 -88 23 13 64 -72 -66 0 64 -88 27 8 64 -116 27 8 64 -124 27 8 64 -108 23 13 64 -44 21 13 64 -40 27 8 64 -60 27 8 64 -36 22 13 64 100 23 13 64 76 -43 8 64 -100 26 8 64 -72 -66 0 64 44 27 8 64 48 22 13 64 32 22 13 64 24 27 8 64 

<CSI><address>8C:0C:90:01:1E:C8</address><len>384</len>48 -112 -5 63 -128 1 -5 63 89 -37 -5 63 88 -37 -5 63 0 0 1 -128 0 0 0 0 -48 114 -5 63 89 -37 -5 63 88 -37 -5 63 1 0 0 0 120 0 9 -64 12 0 5 0 0 -128 0 64 -64 95 0 47 -128 1 0 0 0 120 0 9 -64 95 0 5 0 0 -128 0 64 -64 69 0 47 -128 1 0 0 0 120 0 8 -64 69 0 4 64 0 0 8 0 0 0 7 -14 85 103 89 -37 -5 63 88 -37 -5 63 -20 -38 -5 63 24 -15 -4 63 89 -37 -5 63 88 -37 -5 63 0 0 1 1 8 10 -21 -34 -4 18 45 47 97 -55 23 3 3 0 27 81 -39 -114 -51 70 -122 -8 -72 112 73 79 -69 -91 -18 -5 77 70 -16 55 30 34 30 -121 65 -108 35 17 1 4 8 18 -16 -106 89 -37 -5 63 88 -37 -5 63 0 0 0 0 -89 0 1 44 -23 106 -74 6 -11 -41 111 -64 0 -128 -16 111 14 -32 0 0 -44 0 0 0 48 7 77 -31 9 55 0 0 0 0 -5 63 1 0 0 0 0 0 0 0 -1 -1 63 -77 0 0 0 0 -1 -1 63 -77 0 0 0 0 -1 -1 63 -77 0 0 0 0 -1 -1 63 -77 0 0 0 0 1 0 0 0 1 0 0 0 1 0 0 0 -88 23 13 64 -72 -66 0 64 -88 27 8 64 -116 27 8 64 -124 27 8 64 -108 23 13 64 -44 21 13 64 -40 27 8 64 -60 27 8 64 -36 22 13 64 100 23 13 64 76 -43 8 64 -100 26 8 64 -72 -66 0 64 44 27 8 64 48 22 13 64 32 22 13 64 24 27 8 64 -80 81 8 64 -81 -66 -83 -34 2 0 0 0 -48 23 13 64 36 -8 8 64 60 -8 8 64 -88 23 13 64 -72 -66 0 64 -88 27 8 64 

<CSI><address>8C:0C:90:01:1E:C8</address><len>384</len>52 -86 -5 63 -128 1 111 -64 89 -37 -5 63 88 -37 -5 63 0 0 0 0 0 0 0 0 -48 114 -5 63 0 0 -5 63 1 0 0 0 0 0 0 0 -1 -1 63 -77 0 0 0 0 -1 -1 63 -77 0 0 0 0 -1 -1 63 -77 0 0 0 0 -1 -1 63 -77 0 0 0 0 1 0 0 0 1 0 0 0 1 0 0 0 -88 23 13 64 -72 -66 0 64 -88 27 8 64 -116 27 8 64 -124 27 8 64 -108 23 13 64 -44 21 13 64 -40 27 8 64 -60 27 8 64 -36 22 13 64 100 23 13 64 76 -43 8 64 -100 26 8 64 -72 -66 0 64 44 27 8 64 48 22 13 64 32 22 13 64 24 27 8 64 -80 81 8 64 -81 -66 -83 -34 2 0 0 0 -48 23 13 64 36 -8 8 64 60 -8 8 64 -88 23 13 64 -72 -66 0 64 -88 27 8 64 -116 27 8 64 -124 27 8 64 -108 23 13 64 -44 21 13 64 -36 22 13 64 100 23 13 64 -120 23 13 64 124 23 13 64 -56 21 13 64 112 27 8 64 100 27 8 64 -72 21 13 64 -28 -45 8 64 56 23 13 64 76 27 8 64 32 23 13 64 8 23 13 64 -80 22 13 64 -76 -45 8 64 92 -42 8 64 -92 -40 8 64 -12 -41 8 64 -100 -41 8 64 -128 22 13 64 92 22 13 64 60 22 13 64 56 -29 8 64 68 -28 8 64 84 26 8 64 -36 -34 8 64 -20 86 19 64 -96 -66 0 64 -72 -66 0 64 52 21 13 64 96 32 8 64 112 23 8 64 120 23 8 64 80 30 13 64 -104 35 13 64 64 20 13 64 56 27 8 64 44 27 8 64 48 22 13 64 32 22 13 64 24 27 8 64 -104 -64 17 64 -16 -64 17 64 -80 81 8 64 

Switching channel to 1 with bandwith [None/above/bellow]=1
<CSI><address>8C:0C:90:01:1E:C8</address><len>384</len>56 -60 -5 63 -128 1 27 -74 81 -38 -5 63 88 -37 -5 63 92 89 -33 -18 -38 11 64 113 14 43 101 -87 -57 -84 -28 55 -84 16 18 -35 22 0 -17 -66 -83 -34 0 0 92 -38 -5 63 2 0 0 0 96 -38 -5 63 -8 -38 -5 63 17 75 30 -128 4 126 0 31 -91 1 1 28 115 -36 -60 6 -11 -45 63 -64 0 -128 -111 120 122 -96 7 0 -120 2 48 0 -24 -79 -4 67 -56 -103 -116 12 -112 1 30 -56 0 12 41 -85 -74 -12 32 35 0 0 -86 -86 3 0 0 0 8 0 69 0 0 84 67 23 64 0 -26 6 -113 -87 34 -2 -119 88 10 -96 10 -19 1 -69 -49 -40 -74 2 -55 111 93 -72 41 89 -128 24 0 120 -114 118 0 0 1 1 8 10 -21 -34 -3 12 45 47 101 -78 23 3 3 0 27 -74 -42 22 -2 -30 -19 -9 -74 -92 92 89 -33 -18 -38 11 64 113 14 43 101 -87 -57 -84 -28 55 -84 16 18 -35 22 0 1 1 4 -37 -5 63 2 0 0 0 92 -39 -5 63 16 -37 -5 63 2 0 0 0 8 -18 -4 63 28 -37 -5 63 0 0 0 0 40 -16 -4 63 40 -37 -5 63 1 0 0 0 -48 -39 -5 63 64 -37 -5 63 16 1 1 0 0 12 -112 1 0 0 0 0 -48 114 -5 63 -128 1 111 -64 76 -37 -5 63 0 -37 -5 63 0 0 0 0 88 -37 -5 63 2 0 0 0 -116 -17 -4 63 1 0 0 0 0 0 0 0 -1 -1 63 -77 0 0 0 0 -1 -1 63 -77 0 0 0 0 -1 -1 63 -77 0 0 0 0 -1 -1 63 -77 0 0 0 0 1 0 0 0 1 0 0 0 1 0 0 0 -88 23 13 64 -72 -66 0 64 -88 27 8 64 -116 27 8 64 -124 27 8 64 -108 23 13 64 

<CSI><address>8C:0C:90:01:1E:C8</address><len>384</len>20 -96 -4 63 -128 1 51 50 89 -37 -5 63 88 -37 -5 63 0 54 57 56 0 0 0 0 -48 114 -5 63 89 -37 -5 63 88 -37 -5 63 1 0 0 17 -111 0 26 23 77 97 99 66 111 111 107 32 80 114 111 32 100 105 32 82 105 99 99 97 114 100 111 -64 12 0 0 41 5 -96 0 0 17 -108 0 18 0 4 0 14 0 7 106 75 -86 0 -50 55 72 75 -86 0 -50 55 0 0 -51 -16 -74 -92 89 -37 -5 63 88 -37 -5 63 14 43 101 -87 -57 -84 -28 55 -84 16 18 -35 22 0 1 1 5 -37 -5 63 88 -37 -5 63 92 -39 -5 63 17 -37 -5 63 88 -37 -5 63 8 -18 -4 63 29 -37 -5 63 64 -37 -5 63 40 -16 -4 63 41 -37 -5 63 64 -37 -5 63 -48 -39 -5 63 65 -37 -5 63 64 -37 -5 63 0 12 -112 1 0 0 0 0 -48 114 -5 63 -128 1 111 -64 89 -37 -5 63 88 -37 -5 63 0 0 0 0 89 -37 -5 63 88 -37 -5 63 -116 -17 -4 63 1 0 0 0 0 0 0 0 -1 -1 63 -77 0 0 0 0 -1 -1 63 -77 0 0 0 0 -1 -1 63 -77 0 0 0 0 -1 -1 63 -77 0 0 0 0 1 0 0 0 1 0 0 0 1 0 0 0 -88 23 13 64 -72 -66 0 64 -88 27 8 64 -116 27 8 64 -124 27 8 64 -108 23 13 64 -44 21 13 64 -40 27 8 64 -60 27 8 64 -36 22 13 64 100 23 13 64 76 -43 8 64 -100 26 8 64 -72 -66 0 64 44 27 8 64 48 22 13 64 32 22 13 64 24 27 8 64 -80 81 8 64 -81 -66 -83 -34 2 0 0 0 -48 23 13 64 36 -8 8 64 60 -8 8 64 -88 23 13 64 -72 -66 0 64 -88 27 8 64 

Switching channel to 1 with bandwith [None/above/bellow]=1
Switching channel to 1 with bandwith [None/above/bellow]=1
